1800 -2.1636553
5400 -2.4431086
9000 -2.2514024
12600 -1.5532444
16200 -0.5108709
19800 0.5967197
23400 1.4307497
27000 1.8082527
30600 1.6399636
34200 0.9681426
37800 0.0687219
41400 -0.81247866
45000 -1.4928894
48600 -1.8489419
52200 -1.7919853
55800 -1.2011803
59400 -0.12928306
63000 1.0923929
66600 2.0263784
70200 2.461344
73800 2.3531353
77400 1.6343462
81000 0.48365614
84600 -0.710934
88200 -1.737106
91800 -2.4566283
95400 -2.752308
99000 -2.4867308
102600 -1.6129138
106200 -0.33194292
109800 0.9840729
113400 1.9444546
117000 2.292462
120600 1.9682125
124200 1.0497695
127800 -0.082315356
131400 -1.111524
135000 -1.8783959
138600 -2.2947009
142200 -2.1862054
145800 -1.4738048
149400 -0.2615778
153000 1.1414412
156600 2.241046
160200 2.7340105
163800 2.475219
167400 1.5000376
171000 0.18630293
174600 -1.0869278
178200 -2.1008065
181800 -2.758411
185400 -2.8973873
189000 -2.3492832
192600 -1.1710675
196200 0.38182688
199800 1.833764
203400 2.724079
207000 2.8244488
210600 2.0896454
214200 0.7635192
217800 -0.6392834
221400 -1.822252
225000 -2.653188
228600 -2.998173
232200 -2.675271
235800 -1.621844
239400 -0.05569711
243000 1.572465
246600 2.7316568
250200 3.0845459
253800 2.522099
257400 1.1998329
261000 -0.3663436
264600 -1.7448097
268200 -2.766744
271800 -3.3417296
275400 -3.2579882
279000 -2.360387
282600 -0.8008627
286200 1.0199903
289800 2.5182362
293400 3.240414
297000 3.0454378
300600 2.040555
304200 0.5953347
307800 -0.8001033
311400 -1.9174296
315000 -2.5919714
318600 -2.689299
322200 -1.9853867
325800 -0.5742449
329400 1.180055
333000 2.7632182
336600 3.6676836
340200 3.5817432
343800 2.5358698
347400 0.95363927
351000 -0.62329304
354600 -1.918429
358200 -2.9033651
361800 -3.3268595
365400 -2.9973307
369000 -1.7656535
372600 0.01904935
376200 1.8100827
379800 3.1467512
383400 3.5576723
387000 2.8975253
390600 1.4098166
394200 -0.33576337
397800 -1.874355
401400 -3.0203183
405000 -3.6696126
408600 -3.588976
412200 -2.574317
415800 -0.8134238
419400 1.2271918
423000 2.8933089
426600 3.6749606
430200 3.355086
433800 2.0993989
437400 0.2945465
441000 -1.4320107
444600 -2.7898548
448200 -3.6645412
451800 -3.894907
455400 -3.2253914
459000 -1.6750096
462600 0.35845566
466200 2.2786546
469800 3.4486845
473400 3.5560322
477000 2.6541812
480600 0.9990602
484200 -0.773446
487800 -2.260917
491400 -3.27228
495000 -3.708335
498600 -3.319496
502200 -1.9850821
505800 -0.0077782143
509400 2.0296085
513000 3.4496734
516600 3.811156
520200 3.0961773
523800 1.5262185
527400 -0.30701637
531000 -1.9065584
534600 -3.0531015
538200 -3.6571844
541800 -3.4906657
545400 -2.3285184
549000 -0.4708625
552600 1.6715883
556200 3.3855178
559800 4.11758
563400 3.703862
567000 2.3266878
570600 0.47732684
574200 -1.2417321
577800 -2.5823703
581400 -3.458634
585000 -3.6734533
588600 -2.9612522
592200 -1.3309056
595800 0.72474843
599400 2.6222236
603000 3.759817
606600 3.804256
610200 2.7949011
613800 1.0330977
617400 -0.76907724
621000 -2.2284532
624600 -3.2557523
628200 -3.7266161
631800 -3.352041
635400 -2.0194557
639000 -0.06018838
642600 1.9840319
646200 3.4333339
649800 3.8554542
653400 3.1976628
657000 1.6602383
660600 -0.191067
664200 -1.809936
667800 -2.9940376
671400 -3.6859767
675000 -3.6533313
678600 -2.6360168
682200 -0.83314216
685800 1.2686651
689400 2.991959
693000 3.8199306
696600 3.543677
700200 2.3198786
703800 0.5422119
707400 -1.1449683
711000 -2.4495788
714600 -3.281164
718200 -3.5200415
721800 -2.8776536
725400 -1.3405696
729000 0.65641046
732600 2.506966
736200 3.6531835
739800 3.7995093
743400 2.9223156
747000 1.3171157
750600 -0.39723817
754200 -1.8241711
757800 -2.8578
761400 -3.4000762
765000 -3.205258
768600 -2.1009924
772200 -0.3659371
775800 1.5403689
779400 2.9699235
783000 3.523083
786600 3.0835533
790200 1.7811766
793800 0.12606351
797400 -1.3756642
801000 -2.4926195
804600 -3.1753852
808200 -3.2428384
811800 -2.4947538
815400 -0.9969405
819000 0.86775315
822600 2.4956975
826200 3.408652
829800 3.3329463
833400 2.3384898
837000 0.74952716
840600 -0.8363388
844200 -2.126923
847800 -3.0322564
851400 -3.444374
855000 -3.1351848
858600 -2.0494568
862200 -0.39551964
865800 1.3508
869400 2.6176248
873000 3.0577884
876600 2.600837
880200 1.3829808
883800 -0.11322402
887400 -1.4328574
891000 -2.3935156
894600 -2.9351876
898200 -2.8784878
901800 -2.1085944
905400 -0.69422066
909000 1.0024709
912600 2.4445093
916200 3.1656187
919800 2.9831913
923400 2.0076227
927000 0.5420291
930600 -0.9049108
934200 -2.0683608
937800 -2.8708453
941400 -3.2303903
945000 -2.9340818
948600 -1.9284587
952200 -0.42946512
955800 1.1220182
959400 2.2356718
963000 2.6000938
966600 2.1725037
970200 1.0549866
973800 -0.30147278
977400 -1.5051081
981000 -2.3925583
984600 -2.8937497
988200 -2.8912277
991800 -2.2539515
995400 -1.0189344
999000 0.51061726
1002600 1.8409678
1006200 2.5607889
1009800 2.502084
1013400 1.704677
1017000 0.42389947
1020600 -0.8793598
1024200 -1.9671154
1027800 -2.7582693
1031400 -3.14625
1035000 -2.955569
1038600 -2.1046438
1042200 -0.7476623
1045800 0.7232772
1049400 1.8686682
1053000 2.3985076
1056600 2.2356353
1060200 1.4427605
1063800 0.3146045
1067400 -0.7730912
1071000 -1.6234556
1074600 -2.1906786
1078200 -2.329783
1081800 -1.8875659
1085400 -0.87255394
1089000 0.47775182
1092600 1.7208263
1096200 2.4704316
1099800 2.5234497
1103400 1.8276114
1107000 0.6423535
1110600 -0.630505
1114200 -1.741473
1117800 -2.6027453
1121400 -3.0999882
1125000 -3.0694525
1128600 -2.3871038
1132200 -1.177498
1135800 0.25143182
1139400 1.4791769
1143000 2.1551979
1146600 2.140482
1150200 1.4612142
1153800 0.3402502
1157400 -0.81824
1161000 -1.7855146
1164600 -2.4483707
1168200 -2.7053905
1171800 -2.4178429
1175400 -1.5167158
1179000 -0.17303218
1182600 1.204377
1186200 2.1813784
1189800 2.4959319
1193400 2.03813
1197000 0.9471983
1200600 -0.35218367
1204200 -1.5497643
1207800 -2.513793
1211400 -3.1420157
1215000 -3.2709167
1218600 -2.7421734
1222200 -1.6036543
1225800 -0.1305173
1229400 1.2352101
1233000 2.0997288
1236600 2.2526653
1240200 1.6742035
1243800 0.55756587
1247400 -0.68687606
1251000 -1.7451385
1254600 -2.4713633
1258200 -2.7763426
1261800 -2.5115583
1265400 -1.5745989
1269000 -0.10539823
1272600 1.4417554
1276200 2.6057649
1279800 3.0625997
1283400 2.7206376
1287000 1.6699322
1290600 0.3121429
1294200 -0.96227866
1297800 -2.045034
1301400 -2.7765157
1305000 -2.9687254
1308600 -2.4833128
1312200 -1.3663971
1315800 0.1280355
1319400 1.5111784
1323000 2.41151
1326600 2.5111082
1330200 1.7978476
1333800 0.46663427
1337400 -0.9345868
1341000 -2.1179736
1344600 -2.969082
1348200 -3.3817914
1351800 -3.1928532
1355400 -2.3332317
1359000 -0.8868533
1362600 0.7015658
1366200 1.9576917
1369800 2.4880185
1373400 2.1219037
1377000 0.9768707
1380600 -0.55684227
1384200 -1.9812832
1387800 -3.0804183
1391400 -3.751655
1395000 -3.8433032
1398600 -3.1817527
1402200 -1.8015169
1405800 -0.00060104375
1409400 1.6570134
1413000 2.6294737
1416600 2.702198
1420200 1.9320066
1423800 0.5166638
1427400 -1.0317154
1431000 -2.317327
1434600 -3.1866653
1438200 -3.5693088
1441800 -3.2453566
1445400 -2.1229
1449000 -0.4391609
1452600 1.3123993
1456200 2.5815296
1459800 2.9620047
1463400 2.4148219
1467000 1.0811526
1470600 -0.5560284
1474200 -2.0287213
1477800 -3.1267774
1481400 -3.7459881
1485000 -3.7094173
1488600 -2.834852
1492200 -1.2781565
1495800 0.5752639
1499400 2.1441848
1503000 2.9465804
1506600 2.782942
1510200 1.7674029
1513800 0.18384267
1517400 -1.3816105
1521000 -2.6151438
1524600 -3.3932054
1528200 -3.6057343
1531800 -3.0234077
1535400 -1.6630813
1539000 0.15630874
1542600 1.8981036
1546200 2.97888
1549800 3.0899796
1553400 2.2575526
1557000 0.7107217
1560600 -0.9738615
1564200 -2.4017873
1567800 -3.4123337
1571400 -3.8971162
1575000 -3.638529
1578600 -2.5231571
1582200 -0.7865239
1585800 1.087318
1589400 2.500916
1593000 3.0274317
1596600 2.5789068
1600200 1.3096294
1603800 -0.36268902
1607400 -1.8845733
1611000 -3.0157542
1614600 -3.6480618
1618200 -3.611707
1621800 -2.7199085
1625400 -1.1097554
1629000 0.7990742
1632600 2.4034688
1636200 3.215393
1639800 3.0415158
1643400 1.9840657
1647000 0.34837285
1650600 -1.2636135
1654200 -2.5481234
1657800 -3.3751724
1661400 -3.6045675
1665000 -3.013733
1668600 -1.624725
1672200 0.24240565
1675800 2.0040426
1679400 3.0950816
1683000 3.2149448
1686600 2.3854733
1690200 0.8252071
1693800 -0.8593678
1697400 -2.277731
1701000 -3.2636795
1704600 -3.7297032
1708200 -3.4580913
1711800 -2.350091
1715400 -0.65022296
1719000 1.1702535
1722600 2.5331175
1726200 3.007426
1729800 2.495042
1733400 1.1759822
1737000 -0.4802573
1740600 -1.9429703
1744200 -2.986024
1747800 -3.5269103
1751400 -3.4092276
1755000 -2.5555599
1758600 -1.036203
1762200 0.74018764
1765800 2.2249966
1769400 2.9163172
1773000 2.6173768
1776600 1.4797374
1780200 -0.140633
1783800 -1.6831073
1787400 -2.883979
1791000 -3.6376994
1794600 -3.7977998
1798200 -3.1634505
1801800 -1.7791017
1805400 0.043368723
1809000 1.7416651
1812600 2.7792912
1816200 2.8963242
1819800 2.1570199
1823400 0.7914541
1827000 -0.6935016
1830600 -1.8866054
1834200 -2.6328843
1837800 -2.9724727
1841400 -2.6045907
1845000 -1.4841664
1848600 0.16059107
1852200 1.7936792
1855800 2.917611
1859400 3.1050649
1863000 2.4245791
1866600 1.0323101
1870200 -0.57797825
1873800 -1.989306
1877400 -3.0098858
1881000 -3.548501
1884600 -3.505594
1888200 -2.771359
1891800 -1.4558204
1895400 0.077271126
1899000 1.387851
1902600 2.0220919
1906200 1.80373
1909800 0.8378122
1913400 -0.56782025
1917000 -1.9177604
1920600 -2.9071429
1924200 -3.4195902
1927800 -3.3847787
1931400 -2.718529
1935000 -1.4449834
1938600 0.15931149
1942200 1.5674214
1945800 2.3448048
1949400 2.2453282
1953000 1.3831023
1956600 -0.0075552096
1960200 -1.4350293
1963800 -2.5976317
1967400 -3.342882
1971000 -3.5905082
1974600 -3.2027707
1978200 -2.1562667
1981800 -0.64782476
1985400 0.86039203
1989000 1.8736259
1992600 2.1000328
1996200 1.5548099
1999800 0.4134284
2003400 -0.92250997
2007000 -2.0604713
2010600 -2.792539
2014200 -3.0616848
2017800 -2.7672286
2021400 -1.8571886
2025000 -0.46868902
2028600 0.98922414
2032200 2.0534468
2035800 2.427859
2039400 2.0178986
2043000 0.94833666
2046600 -0.398733
2050200 -1.6232482
2053800 -2.53188
2057400 -3.0356884
2061000 -3.0337193
2064600 -2.4161432
2068200 -1.2592059
2071800 0.14337659
2075400 1.3293118
2079000 1.9392526
2082600 1.8306775
2086200 1.0655978
2089800 -0.10327251
2093400 -1.2556357
2097000 -2.1342676
2100600 -2.6363275
2104200 -2.6965048
2107800 -2.209887
2111400 -1.1996069
2115000 0.11802066
2118600 1.3254822
2122200 2.0644805
2125800 2.1234467
2129400 1.4868708
2133000 0.36703753
2136600 -0.8443003
2140200 -1.8624226
2143800 -2.568375
2147400 -2.8892295
2151000 -2.7126708
2154600 -1.9837967
2158200 -0.84867096
2161800 0.37105405
2165400 1.2894481
2169000 1.6407655
2172600 1.3522044
2176200 0.516896
2179800 -0.55170405
2183400 -1.5149274
2187000 -2.1977913
2190600 -2.531616
2194200 -2.4327118
2197800 -1.8550261
2201400 -0.849334
2205000 0.3282655
2208600 1.3127396
2212200 1.8116724
2215800 1.6810338
2219400 0.96396995
2223000 -0.09497753
2226600 -1.1549058
2230200 -2.0068243
2233800 -2.5633574
2237400 -2.7434306
2241000 -2.46455
2244600 -1.7143523
2248200 -0.6445119
2251800 0.41889247
2255400 1.1586126
2259000 1.3716006
2262600 1.0221854
2266200 0.22901008
2269800 -0.7137505
2273400 -1.534172
2277000 -2.0821726
2280600 -2.3174393
2284200 -2.1688166
2287800 -1.5650864
2291400 -0.61809355
2295000 0.41903892
2298600 1.2392168
2302200 1.5879145
2305800 1.3848195
2309400 0.6785094
2313000 -0.29387158
2316600 -1.2361835
2320200 -1.9832217
2323800 -2.4674067
2327400 -2.6115992
2331000 -2.316907
2334600 -1.6035788
2338200 -0.6110047
2341800 0.3683908
2345400 1.0370486
2349000 1.2254758
2352600 0.9040434
2356200 0.1822858
2359800 -0.6789178
2363400 -1.4292439
2367000 -1.9502099
2370600 -2.188892
2374200 -2.062595
2377800 -1.5307236
2381400 -0.66154045
2385000 0.3162103
2388600 1.1002403
2392200 1.4788382
2395800 1.3402053
2399400 0.69345176
2403000 -0.21184959
2406600 -1.1218089
2410200 -1.8632182
2413800 -2.3602347
2417400 -2.5336635
2421000 -2.3001082
2424600 -1.6344846
2428200 -0.6753319
2431800 0.30255592
2435400 1.0274955
2439000 1.2907993
2442600 1.0447993
2446200 0.38119996
2449800 -0.4673165
2453400 -1.2608507
2457000 -1.8593925
2460600 -2.1834788
2464200 -2.14962
2467800 -1.6905736
2471400 -0.8471307
2475000 0.15959081
2478600 1.0191926
2482200 1.4854261
2485800 1.4279238
2489400 0.8442532
2493000 -0.08284126
2496600 -1.056477
2500200 -1.8775815
2503800 -2.4748533
2507400 -2.7495303
2511000 -2.5728855
2514600 -1.9109491
2518200 -0.885767
2521800 0.23340638
2525400 1.1110528
2529000 1.5060991
2532600 1.333464
2536200 0.64526784
2539800 -0.3090154
2543400 -1.2352433
2547000 -1.9554902
2550600 -2.3901374
2554200 -2.4341407
2557800 -1.9937431
2561400 -1.0974187
2565000 0.057987876
2568600 1.0981966
2572200 1.7109736
2575800 1.7386477
2579400 1.1588697
2583000 0.15376012
2586600 -0.94066006
2590200 -1.8795432
2593800 -2.5561864
2597400 -2.8726315
2601000 -2.671841
2604600 -1.8879687
2608200 -0.66828614
2611800 0.65547657
2615400 1.700056
2619000 2.1546235
2622600 1.878677
2626200 1.0398426
2629800 -0.07949508
2633400 -1.1586986
2637000 -1.9907106
2640600 -2.504913
2644200 -2.5890076
2647800 -2.115144
2651400 -1.0974742
2655000 0.1776173
2658600 1.327881
2662200 2.0004227
2665800 1.9719102
2669400 1.2257336
2673000 -0.010384705
2676600 -1.2938509
2680200 -2.3722572
2683800 -3.1320493
2687400 -3.4558253
2691000 -3.1782618
2694600 -2.264288
2698200 -0.87176335
2701800 0.6314413
2705400 1.7866765
2709000 2.2545743
2712600 1.9188038
2716200 0.87290114
2719800 -0.49345562
2723400 -1.7469147
2727000 -2.6809897
2730600 -3.186431
2734200 -3.157639
2737800 -2.4738886
2741400 -1.1450291
2745000 0.4837949
2748600 1.8553872
2752200 2.5640578
2755800 2.4212608
2759400 1.4897321
2763000 0.044749565
2766600 -1.4090372
2770200 -2.594797
2773800 -3.3875577
2777400 -3.6719434
2781000 -3.2419283
2784600 -2.0646956
2788200 -0.40986937
2791800 1.2421572
2795400 2.3754067
2799000 2.6789978
2802600 2.1052864
2806200 0.8191898
2809800 -0.72657084
2813400 -2.0895329
2817000 -3.0751553
2820600 -3.5938168
2824200 -3.4613335
2827800 -2.536717
2831400 -0.9697515
2835000 0.8113347
2838600 2.2272508
2842200 2.8400617
2845800 2.5102148
2849400 1.3462553
2853000 -0.2717678
2856600 -1.8141245
2860200 -3.0144355
2863800 -3.7521608
2867400 -3.8865812
2871000 -3.1849012
2874600 -1.690479
2878200 0.20485626
2881800 1.9284812
2885400 2.948218
2889000 2.9851165
2892600 2.1282678
2896200 0.5810797
2899800 -1.0875849
2903400 -2.4793236
2907000 -3.4287584
2910600 -3.8348536
2914200 -3.458619
2917800 -2.2148883
2921400 -0.3897982
2925000 1.5028615
2928600 2.8469045
2932200 3.234981
2935800 2.6184657
2939400 1.179533
2943000 -0.5763981
2946600 -2.1361563
2950200 -3.284276
2953800 -3.920158
2957400 -3.8432043
2961000 -2.8422496
2964600 -1.1006824
2968200 0.92804945
2971800 2.6128128
2975400 3.4095285
2979000 3.1470633
2982600 1.9734969
2986200 0.20963407
2989800 -1.5032755
2993400 -2.8615105
2997000 -3.7463982
3000600 -4.009844
3004200 -3.3932364
3007800 -1.8887442
3011400 0.12566626
3015000 2.0554986
3018600 3.2365966
3022200 3.3352103
3025800 2.4407878
3029400 0.8042124
3033000 -1.0035223
3036600 -2.525969
3040200 -3.5870156
3043800 -4.0871515
3047400 -3.757194
3051000 -2.477416
3054600 -0.5494274
3058200 1.4935129
3061800 3.007107
3065400 3.5149865
3069000 2.9337113
3072600 1.4605582
3076200 -0.40805689
3079800 -2.0883012
3083400 -3.3495152
3087000 -4.1012115
3090600 -4.144983
3094200 -3.2647839
3097800 -1.560098
3101400 0.53707963
3105000 2.3912084
3108600 3.3752573
3112200 3.2537694
3115800 2.1853735
3119400 0.49200574
3123000 -1.186435
3126600 -2.5003064
3130200 -3.3252146
3133800 -3.51545
3137400 -2.820371
3141000 -1.2715477
3144600 0.7724758
3148200 2.759557
3151800 3.9656196
3155400 4.067086
3159000 3.2233284
3162600 1.5763533
3166200 -0.35229045
3169800 -2.0675824
3173400 -3.3007896
3177000 -3.9474976
3180600 -3.9134355
3184200 -2.9917734
3187800 -1.2864393
3191400 0.69538397
3195000 2.327551
3198600 3.043013
3202200 2.6477242
3205800 1.3778743
3209400 -0.3982925
3213000 -2.0259514
3216600 -3.254479
3220200 -3.9619398
3223800 -3.9842613
3227400 -3.0943356
3231000 -1.3952633
3234600 0.70052844
3238200 2.5360277
3241800 3.532722
3245400 3.4260364
3249000 2.3824437
3252600 0.6277249
3256200 -1.1682129
3259800 -2.6445823
3263400 -3.665615
3267000 -4.133949
3270600 -3.7857997
3274200 -2.4933622
3277800 -0.57284933
3281400 1.4168428
3285000 2.8530862
3288600 3.2943797
3292200 2.7297003
3295800 1.3565689
3299400 -0.37310594
3303000 -1.9001615
3306600 -2.984194
3310200 -3.5541127
3313800 -3.4449217
3317400 -2.4812908
3321000 -0.8208954
3324600 1.1370901
3328200 2.728466
3331800 3.473228
3335400 3.2016513
3339000 2.0259004
3342600 0.33414316
3346200 -1.2986096
3349800 -2.58819
3353400 -3.4387178
3357000 -3.7384417
3360600 -3.2445545
3364200 -1.93259
3367800 -0.118047364
3371400 1.6666635
3375000 2.844959
3378600 3.094048
3382200 2.4220414
3385800 1.0395875
3389400 -0.5204463
3393000 -1.851117
3396600 -2.7628467
3400200 -3.1948383
3403800 -2.9480815
3407400 -1.9331148
3411000 -0.3119751
3414600 1.4858562
3418200 2.8767133
3421800 3.4438055
3425400 3.0553067
3429000 1.8499167
3432600 0.27033323
3436200 -1.1965101
3439800 -2.371772
3443400 -3.1617563
3447000 -3.3783715
3450600 -2.836739
3454200 -1.6025715
3457800 0.039577957
3461400 1.62206
3465000 2.629479
3468600 2.7930243
3472200 2.0970082
3475800 0.7685254
3479400 -0.660775
3483000 -1.8573539
3486600 -2.6862347
3490200 -3.050459
3493800 -2.8223605
3497400 -1.892547
3501000 -0.4097186
3504600 1.215243
3508200 2.462948
3511800 2.9532945
3515400 2.5650406
3519000 1.4439651
3522600 -0.005843966
3526200 -1.3453469
3529800 -2.3874242
3533400 -3.0738978
3537000 -3.2599735
3540600 -2.7674086
3544200 -1.6123741
3547800 -0.075269364
3551400 1.3820332
3555000 2.3154242
3558600 2.4776874
3562200 1.9091499
3565800 0.7788801
3569400 -0.4867188
3573000 -1.5653841
3576600 -2.3093312
3580200 -2.6385927
3583800 -2.405722
3587400 -1.5632187
3591000 -0.22721289
3594600 1.2471539
3598200 2.367438
3601800 2.8227866
3605400 2.4978886
3609000 1.4848152
3612600 0.1792435
3616200 -1.0524951
3619800 -2.0532577
3623400 -2.7555344
3627000 -2.9986026
3630600 -2.6219552
3634200 -1.6311527
3637800 -0.24074164
3641400 1.1547546
3645000 2.11049
3648600 2.3791497
3652200 1.9224701
3655800 0.9099641
3659400 -0.28513527
3663000 -1.33439
3666600 -2.0973415
3670200 -2.5019882
3673800 -2.411276
3677400 -1.7643012
3681000 -0.5769965
3684600 0.8235855
3688200 1.9830005
3691800 2.5544765
3695400 2.392192
3699000 1.5500836
3702600 0.34608042
3706200 -0.8450123
3709800 -1.8303734
3713400 -2.535834
3717000 -2.8346043
3720600 -2.551505
3724200 -1.6283513
3727800 -0.24964899
3731400 1.133081
3735000 2.1378105
3738600 2.5235972
3742200 2.2398014
3745800 1.3195586
3749400 0.13257632
3753000 -0.9500074
3756600 -1.7877994
3760200 -2.3086455
3763800 -2.3691776
3767400 -1.8343638
3771000 -0.7390086
3774600 0.64274526
3778200 1.8519257
3781800 2.5210524
3785400 2.46817
3789000 1.6917907
3792600 0.47276092
3796200 -0.7776658
3799800 -1.8335254
3803400 -2.612262
3807000 -2.960736
3810600 -2.7233646
3814200 -1.8192923
3817800 -0.4499226
3821400 1.0056361
3825000 2.1267533
3828600 2.61362
3832200 2.3644524
3835800 1.466565
3839400 0.25739747
3843000 -0.8768784
3846600 -1.7886301
3850200 -2.4076374
3853800 -2.5372553
3857400 -2.035249
3861000 -0.9063494
3864600 0.5468383
3868200 1.8591361
3871800 2.6121974
3875400 2.6224294
3879000 1.8861014
3882600 0.6544742
3886200 -0.64207625
3889800 -1.7614055
3893400 -2.601089
3897000 -3.025403
3900600 -2.8643765
3904200 -2.0436594
3907800 -0.6866232
3911400 0.8358508
3915000 2.026723
3918600 2.5513616
3922200 2.3041878
3925800 1.3903131
3929400 0.16197717
3933000 -0.9464723
3936600 -1.7216635
3940200 -2.099735
3943800 -1.9904379
3947400 -1.259272
3951000 0.006464899
3954600 1.4601678
3958200 2.6731553
3961800 3.3513227
3965400 3.282775
3969000 2.4128032
3972600 1.0039542
3976200 -0.45300844
3979800 -1.6804742
3983400 -2.6156209
3987000 -3.0707002
3990600 -2.8779976
3994200 -1.9581422
3997800 -0.51562023
4001400 1.0801439
4005000 2.291482
4008600 2.766541
4012200 2.3807707
4015800 1.3146356
4019400 -0.025882492
4023000 -1.2690821
4026600 -2.1615205
4030200 -2.6330667
4033800 -2.5169654
4037400 -1.8539022
4041000 -0.47051266
4044600 1.1320158
4048200 2.4686437
4051800 3.0989869
4055400 2.852716
4059000 1.8572892
4062600 0.4488555
4066200 -0.90617394
4069800 -1.954597
4073400 -2.5335536
4077000 -2.68287
4080600 -2.216603
4084200 -0.7873392
4087800 0.92926574
4091400 2.3764777
4095000 3.245965
4098600 3.3515143
4102200 2.556735
4105800 1.090981
4109400 -0.47382048
4113000 -1.8343838
4116600 -2.836312
4120200 -3.3338223
4123800 -3.1869502
4127400 -2.2340274
4131000 -0.66378456
4134600 1.0450718
4138200 2.3683712
4141800 2.8982956
4145400 2.5367513
4149000 1.3938426
4152600 -0.10669759
4156200 -1.470691
4159800 -2.5083687
4163400 -3.1124325
4167000 -3.1145718
4170600 -2.3706777
4174200 -0.9764828
4177800 0.74135715
4181400 2.2238584
4185000 2.979732
4188600 2.8415742
4192200 1.8589398
4195800 0.36958975
4199400 -1.0960515
4203000 -2.2635014
4206600 -3.0386672
4210200 -3.2684078
4213800 -2.758059
4217400 -1.5313871
4221000 0.15453772
4224600 1.7731028
4228200 2.7913566
4231800 2.9515588
4235400 2.2801008
4239000 0.9673499
4242600 -0.4839633
4246200 -1.6840777
4249800 -2.4678922
4253400 -2.7473211
4257000 -2.3324378
4260600 -1.1825812
4264200 0.44762954
4267800 2.104565
4271400 3.2894704
4275000 3.65398
4278600 3.0890698
4282200 1.7465755
4285800 0.18955906
4289400 -1.203785
4293000 -2.24371
4296600 -2.8486025
4300200 -2.7873685
4303800 -1.8166127
4307400 -0.18831947
4311000 1.4358457
4314600 2.835684
4318200 3.61789
4321800 3.3934052
4325400 2.3456502
4329000 0.9009711
4332600 -0.47423595
4336200 -1.5841377
4339800 -2.1944394
4343400 -2.2728343
4347000 -1.7012738
4350600 -0.46555537
4354200 1.158287
4357800 2.6180115
4361400 3.398492
4365000 3.318822
4368600 2.3553927
4372200 0.85585725
4375800 -0.6362579
4379400 -1.8832009
4383000 -2.8015978
4386600 -3.204565
4390200 -2.9031641
4393800 -1.8557687
4397400 -0.29812446
4401000 1.3515308
4404600 2.5037653
4408200 2.8511138
4411800 2.3423314
4415400 1.1402369
4419000 -0.2652389
4422600 -1.4832125
4426200 -2.3352726
4429800 -2.738899
4433400 -2.5149262
4437000 -1.5877291
4440600 -0.13832526
4444200 1.459464
4447800 2.704922
4451400 3.1900337
4455000 2.8085818
4458600 1.6708612
4462200 0.2087701
4465800 -1.0623274
4469400 -2.0147536
4473000 -2.5078688
4476600 -2.4023614
4480200 -1.6142895
4483800 -0.24017495
4487400 1.3590856
4491000 2.5977032
4494600 3.2419724
4498200 3.1456246
4501800 2.2869585
4505400 0.9055358
4509000 -0.5185347
4512600 -1.6544191
4516200 -2.3596852
4519800 -2.533084
4523400 -2.072559
4527000 -0.9202975
4530600 0.59519863
4534200 2.0757704
4537800 3.026788
4541400 3.1609585
4545000 2.4938092
4548600 1.2106035
4552200 -0.18774156
4555800 -1.3921959
4559400 -2.282932
4563000 -2.6288784
4566600 -2.3426921
4570200 -1.4455224
4573800 -0.07139684
4577400 1.3355274
4581000 2.3379939
4584600 2.6404111
4588200 2.1737876
4591800 1.1065242
4595400 -0.15111849
4599000 -1.2272744
4602600 -1.9998114
4606200 -2.3598683
4609800 -2.1320467
4613400 -1.2557454
4617000 0.061725747
4620600 1.4925325
4624200 2.6149855
4627800 3.0992556
4631400 2.769031
4635000 1.7252368
4638600 0.3403579
4642200 -0.9813281
4645800 -2.0007646
4649400 -2.6619542
4653000 -2.8283973
4656600 -2.326817
4660200 -1.2329215
4663800 0.20737861
4667400 1.5548753
4671000 2.3589022
4674600 2.4243736
4678200 1.7652508
4681800 0.6094026
4685400 -0.6417404
4689000 -1.6658403
4692600 -2.3231068
4696200 -2.5392458
4699800 -2.1457355
4703400 -1.1399106
4707000 0.2989838
4710600 1.8676083
4714200 2.9260361
4717800 3.2047307
4721400 2.8234324
4725000 1.8172357
4728600 0.53100276
4732200 -0.6704703
4735800 -1.5948488
4739400 -2.0668094
4743000 -1.9831253
4746600 -1.3029708
4750200 -0.09255412
4753800 1.3079609
4757400 2.3713624
4761000 2.9590662
4764600 2.9382234
4768200 2.2308338
4771800 1.1613387
4775400 0.118722335
4779000 -0.7102604
4782600 -1.1626894
4786200 -1.1442754
4789800 -0.5940129
4793400 0.40021482
4797000 1.563217
4800600 2.6058393
4804200 3.2090285
4807800 3.223673
4811400 2.656746
4815000 1.6230141
4818600 0.47066233
4822200 -0.55423146
4825800 -1.2904145
4829400 -1.6578059
4833000 -1.5711669
4836600 -0.94796854
4840200 0.12655722
4843800 1.2900281
4847400 2.1800046
4851000 2.503362
4854600 2.1969981
4858200 1.338677
4861800 0.2565785
4865400 -0.73962474
4869000 -1.5077585
4872600 -1.9473792
4876200 -1.936997
4879800 -1.3834112
4883400 -0.34750715
4887000 0.8972614
4890600 1.9694735
4894200 2.5526106
4897800 2.4773443
4901400 1.7599338
4905000 0.67637753
4908600 -0.41646454
4912200 -1.3526553
4915800 -2.0400612
4919400 -2.335555
4923000 -2.140023
4926600 -1.3990574
4930200 -0.25651556
4933800 0.9534504
4937400 1.8718365
4941000 2.2398012
4944600 1.9601121
4948200 1.1531417
4951800 0.14444178
4955400 -0.80296594
4959000 -1.5317814
4962600 -1.966457
4966200 -2.0028732
4969800 -1.5384436
4973400 -0.61264294
4977000 0.52965367
4980600 1.5490583
4984200 2.1144378
4987800 2.0902207
4991400 1.4792993
4995000 0.5139473
4998600 -0.4790863
5002200 -1.2834885
5005800 -1.8629676
5009400 -1.9950488
5013000 -1.615994
5016600 -0.747597
5020200 0.40319368
5023800 1.5220817
5027400 2.4521217
5031000 2.9862115
5034600 2.869331
5038200 2.312331
5041800 1.5360026
5045400 0.76741666
5049000 0.06027485
5052600 -0.44918624
5056200 -0.5272121
5059800 -0.13621905
5063400 0.6247516
5067000 1.5938663
5070600 2.4593499
5074200 2.9360936
5077800 2.8444147
5081400 2.2456858
5085000 1.2482332
5088600 0.14129496
5092200 -0.85644466
5095800 -1.6373144
5099400 -2.1391792
5103000 -2.1649637
5106600 -1.5981972
5110200 -0.57411873
5113800 0.61403865
5117400 1.6774359
5121000 2.2833116
5124600 2.2456226
5128200 1.5962945
5131800 0.5711207
5135400 -0.49003214
5139000 -1.3928565
5142600 -2.0156727
5146200 -2.2516332
5149800 -1.9685665
5153400 -1.1139607
5157000 0.13634853
5160600 1.3935713
5164200 2.2703242
5167800 2.516724
5171400 2.053176
5175000 1.0179718
5178600 -0.19435018
5182200 -1.3037313
5185800 -2.1813872
5189400 -2.7118764
5193000 -2.742949
5196600 -2.134051
5200200 -0.9618238
5203800 0.47097078
5207400 1.7199447
5211000 2.4217966
5214600 2.3799045
5218200 1.6112053
5221800 0.3898212
5225400 -0.8391011
5229000 -1.8634876
5232600 -2.5834773
5236200 -2.8585553
5239800 -2.5199492
5243400 -1.5083625
5247000 -0.054427866
5250600 1.422415
5254200 2.4700305
5257800 2.8207147
5261400 2.401372
5265000 1.3489664
5268600 0.07796254
5272200 -1.0827643
5275800 -1.9709507
5279400 -2.4638772
5283000 -2.3824306
5286600 -1.5711925
5290200 -0.15738909
5293800 1.4276819
5297400 2.7699463
5301000 3.558539
5304600 3.4071608
5308200 2.4459412
5311800 1.0242547
5315400 -0.35339463
5319000 -1.5967655
5322600 -2.6352243
5326200 -3.1179047
5329800 -2.7744234
5333400 -1.6240267
5337000 -0.024628213
5340600 1.5760013
5344200 2.7130277
5347800 3.0408843
5351400 2.4651625
5355000 1.1629456
5358600 -0.32675812
5362200 -1.6340065
5365800 -2.6043441
5369400 -3.1119695
5373000 -2.9397726
5376600 -1.942305
5380200 -0.32958117
5383800 1.4256561
5387400 2.8269527
5391000 3.483819
5394600 3.2199144
5398200 2.1482115
5401800 0.60214496
5405400 -0.93128973
5409000 -2.1986952
5412600 -3.0305696
5416200 -3.2349994
5419800 -2.5129457
5423400 -1.0060155
5427000 0.8524929
5430600 2.542054
5434200 3.5446043
5437800 3.6150997
5441400 2.735946
5445000 1.1676422
5448600 -0.4796441
5452200 -1.8759457
5455800 -2.8903413
5459400 -3.408816
5463000 -3.1322424
5466600 -1.9247978
5470200 -0.09055981
5473800 1.8607556
5477400 3.291735
5481000 3.8265126
5484600 3.3474784
5488200 2.00371
5491800 0.30268618
5495400 -1.1735468
5499000 -2.3279145
5502600 -3.015394
5506200 -3.114361
5509800 -2.3371956
5513400 -0.74297905
5517000 1.2221018
5520600 2.910937
5524200 3.8679183
5527800 3.7721264
5531400 2.6580532
5535000 0.9093276
5538600 -0.8196895
5542200 -2.229266
5545800 -3.184837
5549400 -3.5241835
5553000 -2.9716828
5556600 -1.4911426
5560200 0.5389693
5563800 2.5495307
5567400 3.8708124
5571000 4.138895
5574600 3.3111532
5578200 1.6332362
5581800 -0.21835007
5585400 -1.8361257
5589000 -3.052468
5592600 -3.7574449
5596200 -3.6805325
5599800 -2.579765
5603400 -0.6641376
5607000 1.4787165
5610600 3.1936255
5614200 4.014143
5617800 3.7194788
5621400 2.4804904
5625000 0.74505496
5628600 -0.8813571
5632200 -2.1419203
5635800 -2.9389946
5639400 -3.0040426
5643000 -2.1046193
5646600 -0.3239631
5650200 1.7986407
5653800 3.6032593
5657400 4.65039
5661000 4.672858
5664600 3.646178
5668200 1.9208131
5671800 0.14435619
5675400 -1.404247
5679000 -2.5613365
5682600 -3.1443994
5686200 -2.837432
5689800 -1.4861747
5693400 0.4899692
5697000 2.4772668
5700600 3.8059652
5704200 4.1168566
5707800 3.3956022
5711400 1.8147992
5715000 -0.017729696
5718600 -1.6534387
5722200 -2.9097815
5725800 -3.6186032
5729400 -3.5365689
5733000 -2.4552042
5736600 -0.5442583
5740200 1.6534264
5743800 3.4229143
5747400 4.2193103
5751000 3.854133
5754600 2.5073173
5758200 0.6168
5761800 -1.1459303
5765400 -2.5483942
5769000 -3.5310807
5772600 -3.887462
5776200 -3.3291292
5779800 -1.8215104
5783400 0.26651487
5787000 2.25557
5790600 3.4941874
5794200 3.6633906
5797800 2.7940688
5801400 1.1318198
5805000 -0.67171824
5808600 -2.1841183
5812200 -3.2332118
5815800 -3.6998978
5819400 -3.3632066
5823000 -2.0751216
5826600 -0.11544556
5830200 1.9737546
5833800 3.5103552
5837400 4.035612
5841000 3.513443
5844600 2.074535
5848200 0.30496114
5851800 -1.2507666
5855400 -2.4388828
5859000 -3.2213025
5862600 -3.324696
5866200 -2.4430249
5869800 -0.8217911
5873400 1.1977032
5877000 2.9549994
5880600 3.8774624
5884200 3.7417517
5887800 2.711141
5891400 1.0723814
5895000 -0.5603981
5898600 -1.8396798
5902200 -2.6541812
5905800 -2.8674183
5909400 -2.2369394
5913000 -0.77086383
5916600 1.1361675
5920200 2.9441586
5923800 4.0964403
5927400 4.327588
5931000 3.5930567
5934600 2.0823417
5938200 0.43623653
5941800 -1.0101494
5945400 -2.098592
5949000 -2.6939654
5952600 -2.616563
5956200 -1.719268
5959800 -0.1747186
5963400 1.5743643
5967000 2.9914281
5970600 3.6672337
5974200 3.4779382
5977800 2.4551747
5981400 1.0190468
5985000 -0.354507
5988600 -1.4655657
5992200 -2.1786017
5995800 -2.3561885
5999400 -1.7854466
6003000 -0.5102402
6006600 1.1273168
6010200 2.6072485
6013800 3.4866686
6017400 3.4971461
6021000 2.6508977
6024600 1.2257866
6028200 -0.27310777
6031800 -1.5508227
6035400 -2.4981115
6039000 -2.9890091
6042600 -2.8520954
6046200 -1.9441739
6049800 -0.45524597
6053400 1.1745718
6057000 2.4269786
6060600 2.971864
6064200 2.6902966
6067800 1.6546592
6071400 0.30219764
6075000 -0.94888985
6078600 -1.9344417
6082200 -2.554055
6085800 -2.6810198
6089400 -2.148462
6093000 -0.98728716
6096600 0.52883977
6100200 1.8987172
6103800 2.7042131
6107400 2.7357376
6111000 1.9812696
6114600 0.6987549
6118200 -0.61331105
6121800 -1.7001698
6125400 -2.4911087
6129000 -2.8917122
6132600 -2.7474895
6136200 -1.9555134
6139800 -0.65659267
6143400 0.7785449
6147000 1.9110218
6150600 2.3933496
6154200 2.1278534
6157800 1.2406328
6161400 0.053635668
6165000 -1.0613623
6168600 -1.8936908
6172200 -2.4003887
6175800 -2.465687
6179400 -1.9924213
6183000 -0.96559393
6186600 0.3988844
6190200 1.6490282
6193800 2.4095116
6197400 2.4851468
6201000 1.8616072
6204600 0.7596335
6208200 -0.42388144
6211800 -1.4350823
6215400 -2.19368
6219000 -2.6084728
6222600 -2.5578125
6226200 -1.9388506
6229800 -0.84343314
6233400 0.43222257
6237000 1.4814612
6240600 2.0177126
6244200 1.9219658
6247800 1.2484539
6251400 0.2571071
6255000 -0.72636366
6258600 -1.5151138
6262200 -2.0210624
6265800 -2.147668
6269400 -1.7810891
6273000 -0.88191843
6276600 0.32387596
6280200 1.4602764
6283800 2.1902938
6287400 2.3341782
6291000 1.8604517
6294600 0.8767002
6298200 -0.23449892
6301800 -1.2206762
6305400 -2.0114923
6309000 -2.5066333
6312600 -2.5661108
6316200 -2.064836
6319800 -1.0688995
6323400 0.17497225
6327000 1.2901708
6330600 1.9693309
6334200 2.0282047
6337800 1.4729749
6341400 0.5049371
6345000 -0.53024614
6348600 -1.4096841
6352200 -2.0653162
6355800 -2.4037304
6359400 -2.274774
6363000 -1.6036606
6366600 -0.50797355
6370200 0.6864404
6373800 1.5854512
6377400 1.9606717
6381000 1.6992803
6384600 0.892703
6388200 -0.16921699
6391800 -1.1755751
6395400 -1.9690361
6399000 -2.481398
6402600 -2.5755055
6406200 -2.1077576
6409800 -1.115994
6413400 0.17314784
6417000 1.356576
6420600 2.0932994
6424200 2.2202063
6427800 1.701244
6431400 0.7395748
6435000 -0.33163005
6438600 -1.2757493
6442200 -1.9668357
6445800 -2.3021178
6449400 -2.1510022
6453000 -1.4172448
6456600 -0.2214208
6460200 1.0817806
6463800 2.0918887
6467400 2.5504088
6471000 2.332267
6474600 1.4972916
6478200 0.3448254
6481800 -0.7610185
6485400 -1.6364138
6489000 -2.2616677
6492600 -2.4291136
6496200 -1.951453
6499800 -0.909143
6503400 0.45474988
6507000 1.7116191
6510600 2.4719255
6514200 2.551946
6517800 1.909759
6521400 0.7717689
6525000 -0.44125134
6528600 -1.5013559
6532200 -2.2867935
6535800 -2.6804988
6539400 -2.5278883
6543000 -1.7240682
6546600 -0.4226158
6550200 0.99184793
6553800 2.0846732
6557400 2.5151231
6561000 2.1746535
6564600 1.1820012
6568200 -0.094412416
6571800 -1.2792434
6575400 -2.1911533
6579000 -2.7288158
6582600 -2.7463012
6586200 -2.09825
6589800 -0.86345655
6593400 0.6660064
6597000 1.9785682
6600600 2.681868
6604200 2.6136127
6607800 1.7811598
6611400 0.46932143
6615000 -0.8536152
6618600 -1.9231703
6622200 -2.6535873
6625800 -2.9096937
6629400 -2.4968245
6633000 -1.3984818
6636600 0.13526674
6640200 1.6093119
6643800 2.577673
6647400 2.7885044
6651000 2.225199
6654600 1.0406052
6658200 -0.31459054
6661800 -1.4991785
6665400 -2.3600733
6669000 -2.7714097
6672600 -2.532805
6676200 -1.5662211
6679800 -0.07326807
6683400 1.5373988
6687000 2.739319
6690600 3.2061658
6694200 2.8192952
6697800 1.7086934
6701400 0.29821244
6705000 -1.0001814
6708600 -2.038156
6712200 -2.6870983
6715800 -2.7790341
6719400 -2.1419392
6723000 -0.8545943
6726600 0.74614656
6730200 2.1231992
6733800 2.851494
6737400 2.7501938
6741000 1.8323616
6744600 0.43056357
6748200 -0.9395894
6751800 -2.02909
6755400 -2.7109468
6759000 -2.8377342
6762600 -2.226603
6766200 -0.93656063
6769800 0.7317447
6773400 2.2866147
6777000 3.2350974
6780600 3.3138783
6784200 2.5215802
6787800 1.120124
6791400 -0.3882727
6795000 -1.657559
6798600 -2.5896435
6802200 -3.038151
6805800 -2.8062022
6809400 -1.7846842
6813000 -0.20954134
6816600 1.4493626
6820200 2.6554592
6823800 3.0503948
6827400 2.565247
6831000 1.3373019
6834600 -0.1506898
6838200 -1.459632
6841800 -2.4075313
6845400 -2.8906314
6849000 -2.717343
6852600 -1.7667761
6856200 -0.20587792
6859800 1.5219294
6863400 2.8728476
6867000 3.437743
6870600 3.0853498
6874200 1.9184438
6877800 0.372383
6881400 -1.0775111
6885000 -2.227174
6888600 -2.9682755
6892200 -3.1349683
6895800 -2.510841
6899400 -1.150843
6903000 0.5740771
6906600 2.100586
6910200 2.9593098
6913800 2.919901
6917400 2.0278795
6921000 0.57638747
6924600 -0.8873974
6928200 -2.0527465
6931800 -2.7977786
6935400 -2.9970417
6939000 -2.4479997
6942600 -1.163117
6946200 0.56475604
6949800 2.190845
6953400 3.2242937
6957000 3.3785872
6960600 2.6153464
6964200 1.1693844
6967800 -0.3993295
6971400 -1.7251838
6975000 -2.6650174
6978600 -3.108419
6982200 -2.8627872
6985800 -1.8306029
6989400 -0.24934645
6993000 1.4770387
6996600 2.727028
7000200 3.1423254
7003800 2.6479921
7007400 1.4129361
7011000 -0.107536025
7014600 -1.4671141
7018200 -2.434314
7021800 -2.9320111
7025400 -2.7768319
7029000 -1.8338743
7032600 -0.30024973
7036200 1.438011
7039800 2.812849
7043400 3.3983562
7047000 3.0769322
7050600 1.948823
7054200 0.4132865
7057800 -1.0464603
7061400 -2.1989043
7065000 -2.946039
7068600 -3.111312
7072200 -2.4873085
7075800 -1.1426395
7079400 0.5455696
7083000 2.064609
7086600 2.9315605
7090200 2.90037
7093800 2.0311618
7097400 0.58206946
7101000 -0.8994514
7104600 -2.1048594
7108200 -2.895275
7111800 -3.1598709
7115400 -2.706933
7119000 -1.5274538
7122600 0.12982222
7126200 1.7557912
7129800 2.810599
7133400 3.0045786
7137000 2.3149562
7140600 0.9258582
7144200 -0.6317338
7147800 -1.96426
7151400 -2.9300034
7155000 -3.4197388
7158600 -3.2572734
7162200 -2.3297477
7165800 -0.8114419
7169400 0.879431
7173000 2.1907854
7176600 2.7209353
7180200 2.384578
7183800 1.3022496
7187400 -0.15340865
7191000 -1.4812908
7194600 -2.4375956
7198200 -2.9428968
7201800 -2.8411484
7205400 -2.0210483
7209000 -0.5960017
7212600 1.0825301
7216200 2.4847753
7219800 3.179599
7223400 3.0159092
7227000 2.0407238
7230600 0.5956797
7234200 -0.8155428
7237800 -1.9495615
7241400 -2.7114253
7245000 -2.9728367
7248600 -2.540613
7252200 -1.4183911
7255800 0.110732116
7259400 1.5698262
7263000 2.5218532
7266600 2.7000744
7270200 2.076113
7273800 0.8410653
7277400 -0.53964686
7281000 -1.7044523
7284600 -2.4952052
7288200 -2.8212688
7291800 -2.5402477
7295400 -1.5712484
7299000 -0.12616198
7302600 1.4040868
7306200 2.5227697
7309800 2.9061964
7313400 2.4532704
7317000 1.3022579
7320600 -0.122480385
7324200 -1.409759
7327800 -2.397328
7331400 -2.9974198
7335000 -3.067799
7338600 -2.4704347
7342200 -1.282074
7345800 0.21772549
7349400 1.5381336
7353000 2.2753346
7356600 2.2678995
7360200 1.5631944
7363800 0.41529796
7367400 -0.79496694
7371000 -1.7945266
7374600 -2.383064
7378200 -2.5088177
7381800 -2.1166506
7385400 -1.1868776
7389000 0.121950395
7392600 1.4186105
7396200 2.269016
7399800 2.4702482
7403400 1.9228883
7407000 0.76504695
7410600 -0.5729156
7414200 -1.6977453
7417800 -2.5474093
7421400 -3.0171201
7425000 -2.9890325
7428600 -2.3415065
7432200 -1.167685
7435800 0.23492976
7439400 1.4175849
7443000 2.0326526
7446600 1.9707702
7450200 1.2623743
7453800 0.16240194
7457400 -0.9512702
7461000 -1.8255248
7464600 -2.359088
7468200 -2.485453
7471800 -2.0738075
7475400 -1.1207461
7479000 0.16455932
7482600 1.3977058
7486200 2.175865
7489800 2.3121083
7493400 1.801561
7497000 0.8030726
7500600 -0.34573075
7504200 -1.3701726
7507800 -2.1438434
7511400 -2.5820577
7515000 -2.567124
7518600 -1.9847424
7522200 -0.90986544
7525800 0.3452732
7529400 1.4096162
7533000 2.0185783
7536600 1.9944125
7540200 1.357968
7543800 0.3384218
7547400 -0.6864366
7551000 -1.5100902
7554600 -2.0563142
7558200 -2.2069597
7561800 -1.8325158
7565400 -1.059547
7569000 0.032832768
7572600 1.2826881
7576200 2.1088164
7579800 2.3402457
7583400 1.9943819
7587000 1.1184068
7590600 -0.012750918
7594200 -1.036387
7597800 -1.8778538
7601400 -2.45229
7605000 -2.6411333
7608600 -2.3126247
7612200 -1.4744515
7615800 -0.30124414
7619400 0.89322895
7623000 1.7139592
7626600 1.9676306
7630200 1.6282483
7633800 0.8633943
7637400 -0.08189048
7641000 -0.8464769
7644600 -1.3459408
7648200 -1.659616
7651800 -1.5375159
7655400 -0.72589755
7659000 0.4455927
7662600 1.5806905
7666200 2.4311295
7669800 2.798908
7673400 2.5528574
7677000 1.736281
7680600 0.63834155
7684200 -0.4257329
7687800 -1.3219835
7691400 -1.9813955
7695000 -2.2372866
7698600 -1.9204516
7702200 -0.99664164
7705800 0.2715436
7709400 1.537717
7713000 2.4282215
7716600 2.713591
7720200 2.3013296
7723800 1.3245339
7727400 0.12807892
7731000 -0.9513948
7734600 -1.8291825
7738200 -2.4418726
7741800 -2.5948544
7745400 -2.1006792
7749000 -1.0205635
7752600 0.34296727
7756200 1.6141686
7759800 2.429067
7763400 2.553882
7767000 1.9530356
7770600 0.83922464
7774200 -0.3908038
7777800 -1.4934772
7781400 -2.3117363
7785000 -2.712236
7788600 -2.524985
7792200 -1.6369216
7795800 -0.25357896
7799400 1.2125686
7803000 2.321242
7806600 2.7708004
7810200 2.4275212
7813800 1.3876339
7817400 0.01742613
7821000 -1.3171568
7824600 -2.4182372
7828200 -3.132781
7831800 -3.295288
7835400 -2.6879656
7839000 -1.3697226
7842600 0.28656402
7846200 1.7911211
7849800 2.7154775
7853400 2.8180795
7857000 2.0982966
7860600 0.77139175
7864200 -0.6964718
7867800 -1.9700432
7871400 -2.90232
7875000 -3.3461702
7878600 -3.0828688
7882200 -1.9847815
7885800 -0.329683
7889400 1.377707
7893000 2.6140113
7896600 3.0404718
7900200 2.5676186
7903800 1.3049242
7907400 -0.3001308
7911000 -1.8009806
7914600 -2.9850974
7918200 -3.7478893
7921800 -3.8670914
7925400 -3.0928228
7929000 -1.5460317
7932600 0.32804868
7936200 1.976237
7939800 2.881099
7943400 2.842033
7947000 1.921911
7950600 0.35176745
7954200 -1.2671295
7957800 -2.6149886
7961400 -3.515132
7965000 -3.8562639
7968600 -3.3645337
7972200 -1.9573258
7975800 -0.019588143
7979400 1.8901716
7983000 3.1730707
7986600 3.4748676
7990200 2.780144
7993800 1.2559283
7997400 -0.5339354
8001000 -2.118786
8004600 -3.3168318
8008200 -4.0195117
8011800 -3.977762
8015400 -2.9383228
8019000 -1.1247765
8022600 0.9585285
8026200 2.6473775
8029800 3.4244878
8033400 3.132708
8037000 1.9357175
8040600 0.1595323
8044200 -1.5498487
8047800 -2.8855453
8051400 -3.7210948
8055000 -3.8833454
8058600 -3.0777578
8062200 -1.375659
8065800 0.7635145
8069400 2.6994448
8073000 3.841177
8076600 3.898665
8080200 2.9688396
8083800 1.3064246
8087400 -0.46511325
8091000 -1.990343
8094600 -3.0603232
8098200 -3.5369475
8101800 -3.2091146
8105400 -1.8495646
8109000 0.1257566
8112600 2.1589327
8116200 3.6427927
8119800 4.180954
8123400 3.6322567
8127000 2.1253626
8130600 0.2214389
8134200 -1.422219
8137800 -2.6513238
8141400 -3.4428675
8145000 -3.4203873
8148600 -2.3270857
8152200 -0.40680036
8155800 1.8349751
8159400 3.6604052
8163000 4.527294
8166600 4.244044
8170200 3.0484133
8173800 1.302816
8177400 -0.44545543
8181000 -1.8307068
8184600 -2.7741423
8188200 -3.2186766
8191800 -2.71182
8195400 -1.1152525
8199000 0.9517044
8202600 2.8032663
8206200 3.9324083
8209800 4.022103
8213400 3.0440724
8217000 1.2416233
8220600 -0.62683165
8224200 -2.1653633
8227800 -3.255567
8231400 -3.8131633
8235000 -3.5204966
8238600 -2.1652148
8242200 -0.0948096
8245800 2.063591
8249400 3.6441536
8253000 4.210988
8256600 3.6106718
8260200 2.032061
8263800 0.054335162
8267400 -1.7109505
8271000 -3.0636334
8274600 -3.914363
8278200 -4.062523
8281800 -3.1898105
8285400 -1.4109468
8289000 0.7575369
8292600 2.6314938
8296200 3.6056087
8299800 3.4892683
8303400 2.4124408
8307000 0.664968
8310600 -1.0702983
8314200 -2.4377346
8317800 -3.2750993
8321400 -3.4483783
8325000 -2.6789067
8328600 -1.0490276
8332200 1.0252719
8335800 2.9202309
8339400 4.046647
8343000 4.1494946
8346600 3.2282922
8350200 1.4932855
8353800 -0.35958084
8357400 -1.9610313
8361000 -3.1232932
8364600 -3.73726
8368200 -3.5530145
8371800 -2.3764327
8375400 -0.50155294
8379000 1.5099264
8382600 3.0385954
8386200 3.6323476
8389800 3.1473215
8393400 1.7988558
8397000 0.031933203
8400600 -1.571403
8404200 -2.7777689
8407800 -3.451422
8411400 -3.4432425
8415000 -2.5271466
8418600 -0.8733754
8422200 1.1465183
8425800 2.8692682
8429400 3.7279398
8433000 3.554907
8436600 2.4540625
8440200 0.75216275
8443800 -0.9030797
8447400 -2.2280974
8451000 -3.1209292
8454600 -3.437783
8458200 -2.8926182
8461800 -1.4699721
8465400 0.4260688
8469000 2.1384356
8472600 3.2106733
8476200 3.395211
8479800 2.744553
8483400 1.4214565
8487000 -0.08156126
8490600 -1.395688
8494200 -2.3203459
8497800 -2.7201965
8501400 -2.5024192
8505000 -1.452197
8508600 0.16109435
8512200 1.8146452
8515800 3.052836
8519400 3.6056132
8523000 3.2812822
8526600 2.1955009
8530200 0.7448001
8533800 -0.6396971
8537400 -1.7381454
8541000 -2.4280372
8544600 -2.5560474
8548200 -1.9670358
8551800 -0.6913912
8555400 0.86458224
8559000 2.198439
8562600 2.959947
8566200 2.9805474
8569800 2.2078016
8573400 0.9027655
8577000 -0.4411493
8580600 -1.5689887
8584200 -2.3866618
8587800 -2.7775848
8591400 -2.567721
8595000 -1.6725594
8598600 -0.26962587
8602200 1.215374
8605800 2.2862775
8609400 2.6529918
8613000 2.2505927
8616600 1.2072359
8620200 -0.07876165
8623800 -1.2199638
8627400 -2.0752265
8631000 -2.5893998
8634600 -2.6223521
8638200 -2.0654006
8641800 -0.9688085
8645400 0.40342346
8649000 1.6070696
8652600 2.265099
8656200 2.2346396
8659800 1.5439986
8663400 0.43017325
8667000 -0.6889736
8670600 -1.5662848
8674200 -2.161308
8677800 -2.3753238
8681400 -2.113762
8685000 -1.2981356
8688600 -0.07712165
8692200 1.1620414
8695800 2.0338037
8699400 2.3268719
8703000 1.9593719
8706600 1.0521706
8710200 -0.0110136755
8713800 -0.9479927
8717400 -1.6504418
8721000 -2.0212483
8724600 -1.9498593
8728200 -1.367472
8731800 -0.3695874
8735400 0.7867697
8739000 1.7292194
8742600 2.2775772
8746200 2.2961876
8749800 1.797325
8753400 0.98674953
8757000 0.1765515
8760600 -0.531437
8764200 -0.9719857
8767800 -1.0701867
8771400 -0.8076915
8775000 -0.05292936
8778600 0.9315687
8782200 1.7689016
8785800 2.3859506
8789400 2.5893736
8793000 2.322696
8796600 1.7173187
8800200 0.90331453
8803800 0.10504597
8807400 -0.65651846
8811000 -1.2087364
8814600 -1.3940953
8818200 -1.1386815
8821800 -0.5026721
8825400 0.35866198
8829000 1.1977578
8832600 1.7480581
8836200 1.8870614
8839800 1.5608653
8843400 0.90958494
8847000 0.111423895
8850600 -0.6656181
8854200 -1.3208078
8857800 -1.7281251
8861400 -1.7662278
8865000 -1.4321939
8868600 -0.73794377
8872200 0.16014308
8875800 0.9989901
8879400 1.5378408
8883000 1.660082
8886600 1.3220052
8890200 0.6457606
8893800 -0.111690424
8897400 -0.8306563
8901000 -1.3999838
8904600 -1.691525
8908200 -1.6291258
8911800 -1.1105387
8915400 -0.23509598
8919000 0.73652756
8922600 1.5123557
8926200 1.8707131
8929800 1.73521
8933400 1.1369506
8937000 0.2642121
8940600 -0.6687715
8944200 -1.4858816
8947800 -2.0615523
8951400 -2.3059313
8955000 -2.077173
8958600 -1.3501345
8962200 -0.28633654
8965800 0.77550733
8969400 1.5296277
8973000 1.7778995
8976600 1.4634061
8980200 0.682423
8983800 -0.27481887
8987400 -1.160511
8991000 -1.8603443
8994600 -2.213569
8998200 -2.0902958
9001800 -1.4215055
9005400 -0.3004325
9009000 1.0458438
9012600 2.057928
9016200 2.4257276
9019800 2.3045325
9023400 1.7128392
9027000 0.7284627
9030600 -0.33168745
9034200 -1.2370783
9037800 -1.857881
9041400 -2.0627158
9045000 -1.7067931
9048600 -0.8111298
9052200 0.40397897
9055800 1.5288168
9059400 2.3007963
9063000 2.4627955
9066600 1.9831575
9070200 0.95290995
9073800 -0.1869207
9077400 -1.204178
9081000 -1.9291795
9084600 -2.267616
9088200 -2.1025379
9091800 -1.3430996
9095400 -0.2019433
9099000 1.079832
9102600 2.0763636
9106200 2.4955716
9109800 2.216512
9113400 1.3420285
9117000 0.2399482
9120600 -0.75895447
9124200 -1.5111948
9127800 -1.9968837
9131400 -1.9027897
9135000 -1.0442461
9138600 0.23507275
9142200 1.5857836
9145800 2.6576428
9149400 3.2053456
9153000 3.0143836
9156600 2.1866176
9160200 0.9262363
9163800 -0.30639836
9167400 -1.3114223
9171000 -2.0610542
9174600 -2.3264003
9178200 -1.8788092
9181800 -0.79086614
9185400 0.65246165
9189000 1.9992868
9192600 2.8986564
9196200 3.0598917
9199800 2.391368
9203400 1.095505
9207000 -0.2949377
9210600 -1.5155966
9214200 -2.4244056
9217800 -2.889362
9221400 -2.758745
9225000 -1.8954448
9228600 -0.4795766
9232200 1.0641501
9235800 2.2512186
9239400 2.763157
9243000 2.4624379
9246600 1.4181645
9250200 0.04951389
9253800 -1.2213863
9257400 -2.1953392
9261000 -2.754413
9264600 -2.7118587
9268200 -1.9455388
9271800 -0.53962046
9275400 1.1264044
9279000 2.4967566
9282600 3.1468828
9286200 2.9079993
9289800 1.8672744
9293400 0.3987064
9297000 -0.9883252
9300600 -2.0741096
9304200 -2.7130866
9307800 -2.7524571
9311400 -2.061762
9315000 -0.6842437
9318600 1.0378424
9322200 2.521273
9325800 3.379892
9329400 3.374389
9333000 2.5671554
9336600 1.2051187
9340200 -0.23240687
9343800 -1.4512386
9347400 -2.284094
9351000 -2.5941763
9354600 -2.166264
9358200 -0.9099781
9361800 0.7705387
9365400 2.3453405
9369000 3.3506293
9372600 3.499975
9376200 2.7280407
9379800 1.2745537
9383400 -0.30817878
9387000 -1.6605251
9390600 -2.6457205
9394200 -3.1724994
9397800 -3.0366008
9401400 -2.0745857
9405000 -0.51052654
9408600 1.2107238
9412200 2.5028248
9415800 2.9989583
9419400 2.5577683
9423000 1.3316456
9426600 -0.24445888
9430200 -1.6563829
9433800 -2.7036538
9437400 -3.2965083
9441000 -3.2468991
9444600 -2.3797784
9448200 -0.8079824
9451800 1.0377142
9455400 2.5452456
9459000 3.2618916
9462600 3.0302424
9466200 1.9033074
9469800 0.27127358
9473400 -1.3047917
9477000 -2.5381448
9480600 -3.3074605
9484200 -3.4999106
9487800 -2.8631272
9491400 -1.4271889
9495000 0.44829133
9498600 2.1596212
9502200 3.1537232
9505800 3.1969402
9509400 2.3247633
9513000 0.7919989
9516600 -0.81025356
9520200 -2.1073732
9523800 -2.9621112
9527400 -3.257046
9531000 -2.7597082
9534600 -1.4486575
9538200 0.3675959
9541800 2.1404784
9545400 3.2915618
9549000 3.515065
9552600 2.8078294
9556200 1.3311517
9559800 -0.34476376
9563400 -1.7958126
9567000 -2.8534443
9570600 -3.4168382
9574200 -3.24051
9577800 -2.1706686
9581400 -0.4690397
9585000 1.3810568
9588600 2.7749932
9592200 3.295121
9595800 2.8421147
9599400 1.5427362
9603000 -0.12153318
9606600 -1.6246679
9610200 -2.7537422
9613800 -3.3828757
9617400 -3.332669
9621000 -2.4448223
9624600 -0.8238098
9628200 1.0756917
9631800 2.67195
9635400 3.4394658
9639000 3.191111
9642600 2.046556
9646200 0.35659227
9649800 -1.2657392
9653400 -2.5509176
9657000 -3.385374
9660600 -3.634131
9664200 -3.07726
9667800 -1.7026598
9671400 0.14580327
9675000 1.8856068
9678600 2.9541419
9682200 3.0702138
9685800 2.2636614
9689400 0.76354176
9693000 -0.8586698
9696600 -2.193625
9700200 -3.0836482
9703800 -3.4428914
9707400 -3.062774
9711000 -1.8691506
9714600 -0.13841891
9718200 1.6607904
9721800 2.906751
9725400 3.2418234
9729000 2.6447263
9732600 1.2285409
9736200 -0.44016215
9739800 -1.8872744
9743400 -2.953172
9747000 -3.545979
9750600 -3.4594586
9754200 -2.523798
9757800 -0.93176496
9761400 0.9031588
9765000 2.4073598
9768600 3.0979316
9772200 2.869455
9775800 1.8556768
9779400 0.38471654
9783000 -1.0275334
9786600 -2.0846205
9790200 -2.6795182
9793800 -2.7432766
9797400 -2.1477911
9801000 -0.7976784
9804600 0.9062318
9808200 2.402456
9811800 3.2425075
9815400 3.2087007
9819000 2.3051212
9822600 0.80202633
9826200 -0.6975004
9829800 -1.956624
9833400 -2.8540606
9837000 -3.2416844
9840600 -2.9177008
9844200 -1.8319348
9847800 -0.23109157
9851400 1.4000608
9855000 2.5678473
9858600 2.9538848
9862200 2.4974995
9865800 1.3221128
9869400 -0.10333045
9873000 -1.3476349
9876600 -2.2425818
9880200 -2.7130616
9883800 -2.6351907
9887400 -1.8812652
9891000 -0.48676667
9894600 1.0827507
9898200 2.38601
9901800 3.065526
9905400 2.9046273
9909000 1.99245
9912600 0.6649167
9916200 -0.61772203
9919800 -1.6533982
9923400 -2.350313
9927000 -2.6372714
9930600 -2.2677934
9934200 -1.2402326
9937800 0.17098646
9941400 1.5282303
9945000 2.4449754
9948600 2.6599684
9952200 2.1101418
9955800 0.9573985
9959400 -0.33331156
9963000 -1.4641064
9966600 -2.2740955
9970200 -2.693615
9973800 -2.613686
9977400 -1.8916427
9981000 -0.6679683
9984600 0.74182343
9988200 1.9148009
9991800 2.5072854
9995400 2.3825011
9999000 1.6037104
10002600 0.4672915
10006200 -0.6412016
10009800 -1.5100011
10013400 -2.0651686
10017000 -2.2158387
10020600 -1.8212368
10024200 -0.8708009
10027800 0.43275315
10031400 1.6770375
10035000 2.5167856
10038600 2.7561038
10042200 2.3270957
10045800 1.3785523
10049400 0.32507882
10053000 -0.59044546
10056600 -1.2785176
10060200 -1.6035459
10063800 -1.5869654
10067400 -1.0900799
10071000 -0.092425026
10074600 1.0565678
10078200 2.0110848
10081800 2.5163677
10085400 2.4518824
10089000 1.7772291
10092600 0.75146055
10096200 -0.2943754
10099800 -1.2202048
10103400 -1.9115121
10107000 -2.2599218
10110600 -2.132439
10114200 -1.433685
10117800 -0.31085804
10121400 0.8979688
10125000 1.8630133
10128600 2.3161025
10132200 2.1213944
10135800 1.3521845
10139400 0.29995972
10143000 -0.7273678
10146600 -1.5892603
10150200 -2.1734543
10153800 -2.4070175
10157400 -2.1527383
10161000 -1.3280463
10164600 -0.12775211
10168200 1.0857677
10171800 1.9512391
10175400 2.2570794
10179000 1.9634514
10182600 1.168306
10186200 0.21410604
10189800 -0.71845436
10193400 -1.4316666
10197000 -1.8476162
10200600 -1.8999943
10204200 -1.4274626
10207800 -0.4431594
10211400 0.77967495
10215000 1.8666385
10218600 2.5229874
10222200 2.5535595
10225800 1.9514476
10229400 0.9066808
10233000 -0.18844655
10236600 -1.1416303
10240200 -1.85402
10243800 -2.1816962
10247400 -2.0374117
10251000 -1.3518745
10254600 -0.13364297
10258200 1.2059575
10261800 2.2584627
10265400 2.7543344
10269000 2.5390654
10272600 1.6625866
10276200 0.4403371
10279800 -0.76079106
10283400 -1.7969602
10287000 -2.5250497
10290600 -2.791073
10294200 -2.4170837
10297800 -1.3779714
10301400 0.08500818
10305000 1.5395372
10308600 2.5426235
10312200 2.8204365
10315800 2.3133814
10319400 1.1598387
10323000 -0.18800968
10326600 -1.4533207
10330200 -2.4742496
10333800 -3.0607998
10337400 -3.050305
10341000 -2.2891388
10344600 -0.9118065
10348200 0.7201278
10351800 2.122769
10355400 2.8881207
10359000 2.7893503
10362600 1.8662599
10366200 0.45301315
10369800 -0.9191783
10373400 -2.0491068
10377000 -2.7617483
10380600 -2.8938596
10384200 -2.340556
10387800 -1.0801281
10391400 0.67895734
10395000 2.29507
10398600 3.2871482
10402200 3.4154453
10405800 2.630972
10409400 1.1480236
10413000 -0.48660517
10416600 -1.9192648
10420200 -3.0132117
10423800 -3.6578162
10427400 -3.6062753
10431000 -2.6335063
10434600 -0.9773266
10438200 0.89688987
10441800 2.4514258
10445400 3.2012014
10449000 2.9526472
10452600 1.804909
10456200 0.1375784
10459800 -1.4580115
10463400 -2.708608
10467000 -3.4923382
10470600 -3.651673
10474200 -2.9407184
10477800 -1.4334891
10481400 0.48523504
10485000 2.214847
10488600 3.2231429
10492200 3.198052
10495800 2.18192
10499400 0.46349165
10503000 -1.2981809
10506600 -2.7598424
10510200 -3.7999876
10513800 -4.301849
10517400 -3.9801223
10521000 -2.691831
10524600 -0.73338836
10528200 1.3630863
10531800 2.9218998
10535400 3.462163
10539000 2.9126916
10542600 1.4837966
10546200 -0.37937337
10549800 -2.0562534
10553400 -3.3089962
10557000 -4.026373
10560600 -4.003748
10564200 -2.9758005
10567800 -1.1245722
10571400 1.0682244
10575000 2.900318
10578600 3.8137896
10582200 3.5740898
10585800 2.3342655
10589400 0.42827797
10593000 -1.4317927
10596600 -2.9301238
10600200 -3.9349277
10603800 -4.2947955
10607400 -3.680756
10611000 -2.0521655
10614600 0.14093687
10618200 2.2471232
10621800 3.5874624
10625400 3.8038769
10629000 2.9334214
10632600 1.2268703
10636200 -0.68823045
10639800 -2.3221586
10643400 -3.447441
10647000 -3.9743996
10650600 -3.61533
10654200 -2.1995802
10657800 -0.05576667
10661400 2.192856
10665000 3.794503
10668600 4.2988877
10672200 3.6436877
10675800 2.0467768
10679400 0.079908974
10683000 -1.6856881
10686600 -3.0064087
10690200 -3.7956202
10693800 -3.8872964
10697400 -2.8847985
10701000 -0.9983515
10704600 1.2383196
10708200 3.133423
10711800 4.0960956
10715400 3.8636107
10719000 2.5884762
10722600 0.6574872
10726200 -1.200168
10729800 -2.6779194
10733400 -3.6492004
10737000 -3.958214
10740600 -3.2937326
10744200 -1.649915
10747800 0.5464739
10751400 2.643602
10755000 3.9283366
10758600 4.0463166
10762200 3.0501604
10765800 1.2029089
10769400 -0.76863515
10773000 -2.4333947
10776600 -3.62963
10780200 -4.272495
10783800 -4.0739346
10787400 -2.8350382
10791000 -0.84946597
10794600 1.3339026
10798200 2.9856558