1800      -2.167523
5400      -2.4431617
9000      -2.2603283
12600     -1.5756189
16200     -0.52633053
19800     0.58793706
23400     1.4321358
27000     1.8108186
30600     1.6353327
34200     0.97580314
37800     0.088216774
41400     -0.7827011
45000     -1.4725332
48600     -1.8523495
52200     -1.801453
55800     -1.2042644
59400     -0.09001363
63000     1.1007265
66600     1.9687843
70200     2.4423418
73800     2.3778186
77400     1.6071695
81000     0.4180036
84600     -0.77385545
88200     -1.7740424
91800     -2.4777715
95400     -2.7583988
99000     -2.493291
102600    -1.6127143
106200    -0.31501248
109800    1.002775
113400    1.9743023
117000    2.3479915
120600    2.0089662
124200    1.086201
127800    -0.058833737
131400    -1.1088234
135000    -1.8948042
138600    -2.2964585
142200    -2.1906216
145800    -1.4857181
149400    -0.2847014
153000    1.1020267
156600    2.2435586
160200    2.7579124
163800    2.4746778
167400    1.4880953
171000    0.16688825
174600    -1.0970554
178200    -2.1241963
181800    -2.7823951
185400    -2.9209154
189000    -2.3657641
192600    -1.1715134
196200    0.38508633
199800    1.8377836
203400    2.7403715
207000    2.8409839
210600    2.120347
214200    0.8009478
217800    -0.6171354
221400    -1.8005207
225000    -2.6348672
228600    -2.9908903
232200    -2.6714697
235800    -1.6191074
239400    -0.04595063
243000    1.5863435
246600    2.744546
250200    3.0897923
253800    2.522727
257400    1.2055556
261000    -0.35497525
264600    -1.736618
268200    -2.7759507
271800    -3.351203
275400    -3.2673802
279000    -2.3495355
282600    -0.7676464
286200    1.063089
289800    2.581705
293400    3.3201907
297000    3.1467807
300600    2.1546907
304200    0.72859526
307800    -0.6446354
311400    -1.7347153
315000    -2.4442215
318600    -2.5967057
322200    -1.915487
325800    -0.471076
329400    1.3260078
333000    2.8778684
336600    3.7104003
340200    3.6165833
343800    2.626176
347400    1.0054961
351000    -0.6366414
354600    -2.0079856
358200    -3.0275288
361800    -3.4997654
365400    -3.161694
369000    -1.9059285
372600    -0.06647488
376200    1.819724
379800    3.1690812
383400    3.5661685
387000    2.9189534
390600    1.4217764
394200    -0.3494667
397800    -1.9057047
401400    -3.056404
405000    -3.6987371
408600    -3.6271067
412200    -2.607513
415800    -0.81132466
419400    1.2622321
423000    2.949772
426600    3.7230542
430200    3.3991227
433800    2.1271367
437400    0.29707125
441000    -1.4374788
444600    -2.795221
448200    -3.6608443
451800    -3.8738167
455400    -3.184284
459000    -1.6234583
462600    0.4341184
466200    2.357268
469800    3.5268674
473400    3.6333423
477000    2.7206647
480600    1.0419611
484200    -0.74399626
487800    -2.2355752
491400    -3.259364
495000    -3.7146165
498600    -3.3319285
502200    -1.9990969
505800    -0.022560017
509400    2.0183988
513000    3.442668
516600    3.8077161
520200    3.0891397
523800    1.5011077
527400    -0.35432863
531000    -1.9736612
534600    -3.1434991
538200    -3.7653053
541800    -3.6256914
545400    -2.4918823
549000    -0.5676967
552600    1.5800995
556200    3.2649713
559800    4.0125422
563400    3.6464465
567000    2.2998781
570600    0.45407662
574200    -1.2720671
577800    -2.6469672
581400    -3.5310054
585000    -3.7345567
588600    -3.0027065
592200    -1.3913991
595800    0.67217344
599400    2.5991492
603000    3.752798
606600    3.800269
610200    2.7943943
613800    1.0238881
617400    -0.80441254
621000    -2.303687
624600    -3.3331816
628200    -3.7949183
631800    -3.4133677
635400    -2.0706553
639000    -0.08540289
642600    1.9871435
646200    3.4527164
649800    3.879264
653400    3.2249281
657000    1.6858821
660600    -0.16400169
664200    -1.7900015
667800    -2.973787
671400    -3.6441545
675000    -3.5888023
678600    -2.566647
682200    -0.7773837
685800    1.2858087
689400    2.9803615
693000    3.775848
696600    3.4912925
700200    2.2562184
703800    0.4762823
707400    -1.2158936
711000    -2.5297465
714600    -3.376389
718200    -3.594813
721800    -2.9282398
725400    -1.3816712
729000    0.6594134
732600    2.552027
736200    3.6926563
739800    3.8118587
743400    2.9569168
747000    1.3581095
750600    -0.35475618
754200    -1.8078594
757800    -2.8460052
761400    -3.370352
765000    -3.179419
768600    -2.109751
772200    -0.36454585
775800    1.5641551
779400    3.0101569
783000    3.543158
786600    3.081009
790200    1.7702847
793800    0.09788909
797400    -1.4105021
801000    -2.5309513
804600    -3.2014403
808200    -3.2617066
811800    -2.5069952
815400    -1.0093325
819000    0.8643388
822600    2.5155692
826200    3.4278076
829800    3.3548207
833400    2.3512173
837000    0.75067115
840600    -0.8419593
844200    -2.1399977
847800    -3.0463774
851400    -3.4462256
855000    -3.1450129
858600    -2.0577424
862200    -0.4036131
865800    1.3379703
869400    2.6093242
873000    3.0449398
876600    2.5879858
880200    1.3754815
883800    -0.12405642
887400    -1.451463
891000    -2.422128
894600    -2.969704
898200    -2.9304955
901800    -2.1612706
905400    -0.752761
909000    0.9527901
912600    2.3864157
916200    3.1083968
919800    2.9583747
923400    1.991053
927000    0.53865284
930600    -0.893227
934200    -2.0530806
937800    -2.8729367
941400    -3.2257888
945000    -2.9280605
948600    -1.9100994
952200    -0.39657933
955800    1.156741
959400    2.2405596
963000    2.582356
966600    2.1212254
970200    0.99411553
973800    -0.36164957
977400    -1.557362
981000    -2.4309733
984600    -2.9180884
988200    -2.8863719
991800    -2.2114482
995400    -0.94901985
999000    0.57936054
1002600   1.8914392
1006200   2.60485
1009800   2.540888
1013400   1.7301632
1017000   0.45006853
1020600   -0.86399823
1024200   -1.9623587
1027800   -2.7477996
1031400   -3.1295774
1035000   -2.935818
1038600   -2.0790954
1042200   -0.71526706
1045800   0.7704167
1049400   1.9182825
1053000   2.4296904
1056600   2.2489421
1060200   1.4360423
1063800   0.28653356
1067400   -0.8071851
1071000   -1.6718122
1074600   -2.2366078
1078200   -2.370263
1081800   -1.9290833
1085400   -0.902012
1089000   0.4682873
1092600   1.7087604
1096200   2.4641712
1099800   2.5302725
1103400   1.8569161
1107000   0.6754909
1110600   -0.58796144
1114200   -1.6934093
1117800   -2.5573378
1121400   -3.0598788
1125000   -3.0439298
1128600   -2.394708
1132200   -1.1979599
1135800   0.2256435
1139400   1.4499865
1143000   2.139729
1146600   2.1380157
1150200   1.4509639
1153800   0.3359925
1157400   -0.80451816
1161000   -1.7542323
1164600   -2.4099598
1168200   -2.6619046
1171800   -2.3673816
1175400   -1.4670869
1179000   -0.1219964
1182600   1.2489192
1186200   2.206598
1189800   2.4998224
1193400   2.0488815
1197000   0.9695264
1200600   -0.35010716
1204200   -1.5625315
1207800   -2.5264165
1211400   -3.1546748
1215000   -3.3039668
1218600   -2.789473
1222200   -1.6378651
1225800   -0.1393437
1229400   1.2422168
1233000   2.1087968
1236600   2.2591352
1240200   1.6858127
1243800   0.56399596
1247400   -0.6807717
1251000   -1.7332963
1254600   -2.4591808
1258200   -2.7799406
1261800   -2.5262666
1265400   -1.5850887
1269000   -0.13676411
1272600   1.4130185
1276200   2.5793464
1279800   3.0470202
1283400   2.7025397
1287000   1.6371553
1290600   0.2690319
1294200   -1.0358869
1297800   -2.1207426
1301400   -2.8429134
1305000   -3.0596242
1308600   -2.6098514
1312200   -1.4723581
1315800   0.03914573
1319400   1.4532292
1323000   2.3482378
1326600   2.468734
1330200   1.7778237
1333800   0.47477296
1337400   -0.94727695
1341000   -2.1502357
1344600   -2.987761
1348200   -3.4108706
1351800   -3.2317617
1355400   -2.3438091
1359000   -0.8750693
1362600   0.7694093
1366200   2.052845
1369800   2.5705175
1373400   2.20511
1377000   1.0547483
1380600   -0.4833868
1384200   -1.9173442
1387800   -3.0341854
1391400   -3.7184117
1395000   -3.822597
1398600   -3.154983
1402200   -1.7624853
1405800   0.029999023
1409400   1.6666818
1413000   2.6350334
1416600   2.6963425
1420200   1.9219799
1423800   0.5035659
1427400   -1.0386385
1431000   -2.3284717
1434600   -3.2130787
1438200   -3.5904682
1441800   -3.2490964
1445400   -2.1248074
1449000   -0.4405346
1452600   1.3179642
1456200   2.579757
1459800   2.9677951
1463400   2.4215848
1467000   1.0885448
1470600   -0.5558345
1474200   -2.0275278
1477800   -3.127975
1481400   -3.755797
1485000   -3.72303
1488600   -2.8543549
1492200   -1.2924511
1495800   0.5729173
1499400   2.1501472
1503000   2.9466949
1506600   2.7831743
1510200   1.765067
1513800   0.18006863
1517400   -1.398874
1521000   -2.6481314
1524600   -3.430848
1528200   -3.629876
1531800   -3.043527
1535400   -1.677834
1539000   0.15304293
1542600   1.900869
1546200   2.9859076
1549800   3.0980093
1553400   2.2673268
1557000   0.7140663
1560600   -0.975206
1564200   -2.4013896
1567800   -3.4041324
1571400   -3.885435
1575000   -3.6224654
1578600   -2.492428
1582200   -0.7566277
1585800   1.115838
1589400   2.5342302
1593000   3.0531507
1596600   2.6023018
1600200   1.3430682
1603800   -0.32139838
1607400   -1.8476944
1611000   -2.982421
1614600   -3.6229653
1618200   -3.5983257
1621800   -2.7125256
1625400   -1.1090151
1629000   0.79649866
1632600   2.418726
1636200   3.2332006
1639800   3.0475333
1643400   1.9733094
1647000   0.32514006
1650600   -1.2846085
1654200   -2.569429
1657800   -3.4043262
1661400   -3.6440787
1665000   -3.0452557
1668600   -1.645362
1672200   0.2122914
1675800   1.9720378
1679400   3.0783172
1683000   3.2103362
1686600   2.3865507
1690200   0.83414
1693800   -0.8554621
1697400   -2.2731025
1701000   -3.260064
1704600   -3.7130444
1708200   -3.4271858
1711800   -2.3076797
1715400   -0.5848194
1719000   1.2573627
1722600   2.615843
1726200   3.0759022
1729800   2.5694554
1733400   1.2554686
1737000   -0.3996204
1740600   -1.8812197
1744200   -2.9468353
1747800   -3.5121992
1751400   -3.4259489
1755000   -2.5562496
1758600   -1.0248935
1762200   0.78061485
1765800   2.2807887
1769400   2.989537
1773000   2.6952515
1776600   1.5553049
1780200   -0.06447542
1783800   -1.6253651
1787400   -2.8480024
1791000   -3.5964842
1794600   -3.7583907
1798200   -3.134052
1801800   -1.7591506
1805400   0.04899985
1809000   1.7549226
1812600   2.8086982
1816200   2.9145293
1819800   2.155468
1823400   0.75834554
1827000   -0.74078727
1830600   -1.9481097
1834200   -2.7276657
1837800   -3.0379503
1841400   -2.6763725
1845000   -1.5356678
1848600   0.13697402
1852200   1.7614049
1855800   2.863872
1859400   3.1065733
1863000   2.4168959
1866600   0.993393
1870200   -0.6018255
1873800   -1.9823105
1877400   -3.021293
1881000   -3.614453
1884600   -3.5834074
1888200   -2.8532252
1891800   -1.5446264
1895400   0.003834021
1899000   1.3487025
1902600   2.0198503
1906200   1.810469
1909800   0.85068214
1913400   -0.56442213
1917000   -1.9242228
1920600   -2.945706
1924200   -3.473862
1927800   -3.4170778
1931400   -2.7174354
1935000   -1.4367634
1938600   0.18416622
1942200   1.6291745
1945800   2.4186594
1949400   2.329413
1953000   1.4518912
1956600   0.053400856
1960200   -1.379068
1963800   -2.5373578
1967400   -3.290464
1971000   -3.5463595
1974600   -3.13506
1978200   -2.0368168
1981800   -0.5034291
1985400   0.9972638
1989000   1.9934875
1992600   2.2064016
1996200   1.6449647
1999800   0.480783
2003400   -0.862616
2007000   -2.0024648
2010600   -2.7535543
2014200   -3.0486236
2017800   -2.7623527
2021400   -1.8426853
2025000   -0.45873797
2028600   1.0029665
2032200   2.0781395
2035800   2.4515753
2039400   2.0351913
2043000   0.96400106
2046600   -0.37568688
2050200   -1.5964358
2053800   -2.5012383
2057400   -3.0139084
2061000   -3.0191245
2064600   -2.391397
2068200   -1.2302641
2071800   0.16654858
2075400   1.3502334
2079000   1.9623626
2082600   1.8489968
2086200   1.0753788
2089800   -0.09162066
2093400   -1.247008
2097000   -2.1281443
2100600   -2.6305933
2104200   -2.6887767
2107800   -2.2038493
2111400   -1.1864123
2115000   0.14186606
2118600   1.3594674
2122200   2.0973718
2125800   2.1504064
2129400   1.5107332
2133000   0.38313374
2136600   -0.8264293
2140200   -1.8394332
2143800   -2.5487154
2147400   -2.8797538
2151000   -2.7039816
2154600   -1.9818344
2158200   -0.8539188
2161800   0.3676904
2165400   1.2896495
2169000   1.6430863
2172600   1.3582343
2176200   0.53072345
2179800   -0.533043
2183400   -1.5014923
2187000   -2.1853354
2190600   -2.5181563
2194200   -2.4203598
2197800   -1.8281051
2201400   -0.8076993
2205000   0.37848833
2208600   1.359216
2212200   1.8537377
2215800   1.7184957
2219400   0.98564416
2223000   -0.079445854
2226600   -1.1390029
2230200   -1.9906726
2233800   -2.5556965
2237400   -2.7484043
2241000   -2.4750001
2244600   -1.7225872
2248200   -0.655533
2251800   0.41324174
2255400   1.1616284
2259000   1.3797148
2262600   1.0317729
2266200   0.237262
2269800   -0.7046142
2273400   -1.5225403
2277000   -2.072172
2280600   -2.3124816
2284200   -2.1667848
2287800   -1.5797437
2291400   -0.6427175
2295000   0.39448777
2298600   1.2195883
2302200   1.5821998
2305800   1.3805109
2309400   0.6691579
2313000   -0.30052295
2316600   -1.2351298
2320200   -1.9829131
2323800   -2.4781458
2327400   -2.6159883
2331000   -2.3167672
2334600   -1.6036178
2338200   -0.62197834
2341800   0.347692
2345400   1.0251195
2349000   1.2276673
2352600   0.91083306
2356200   0.18893076
2359800   -0.6676795
2363400   -1.4190302
2367000   -1.9447757
2370600   -2.1838384
2374200   -2.0516777
2377800   -1.5134645
2381400   -0.6522247
2385000   0.32281443
2388600   1.1184815
2392200   1.4823395
2395800   1.3253192
2399400   0.6926359
2403000   -0.22020678
2406600   -1.1365954
2410200   -1.8796849
2413800   -2.3801687
2417400   -2.5630233
2421000   -2.322124
2424600   -1.6576995
2428200   -0.70569944
2431800   0.27347493
2435400   0.9969194
2439000   1.2651953
2442600   1.0249028
2446200   0.36317897
2449800   -0.48613492
2453400   -1.2813343
2457000   -1.8723296
2460600   -2.1881785
2464200   -2.1551085
2467800   -1.7111372
2471400   -0.8722054
2475000   0.14378674
2478600   1.0115405
2482200   1.4782693
2485800   1.4192353
2489400   0.8288482
2493000   -0.0971643
2496600   -1.0667511
2500200   -1.9028399
2503800   -2.5004065
2507400   -2.7563612
2511000   -2.5808923
2514600   -1.9238782
2518200   -0.8844415
2521800   0.23515223
2525400   1.1227686
2529000   1.5544786
2532600   1.3733948
2536200   0.6776168
2539800   -0.25630286
2543400   -1.1996138
2547000   -1.9457672
2550600   -2.3425198
2554200   -2.3950205
2557800   -1.9959252
2561400   -1.1113472
2565000   0.03185571
2568600   1.0619296
2572200   1.6807386
2575800   1.6841258
2579400   1.0781527
2583000   0.0580557
2586600   -1.0674634
2590200   -2.0255194
2593800   -2.681312
2597400   -2.9832568
2601000   -2.8180223
2604600   -2.046626
2608200   -0.79823834
2611800   0.5614923
2615400   1.6579894
2619000   2.1584365
2622600   1.9335126
2626200   1.1174269
2629800   -0.03941732
2633400   -1.1336685
2637000   -1.9460037
2640600   -2.4751093
2644200   -2.5907493
2647800   -2.123243
2651400   -1.1052079
2655000   0.20474303
2658600   1.3884902
2662200   2.0408723
2665800   2.000613
2669400   1.2669604
2673000   0.018158903
2676600   -1.2736032
2680200   -2.3501499
2683800   -3.123589
2687400   -3.4762259
2691000   -3.2095442
2694600   -2.2968948
2698200   -0.9055468
2701800   0.62886965
2705400   1.813757
2709000   2.2828848
2712600   1.9480475
2716200   0.9334408
2719800   -0.42868763
2723400   -1.6957635
2727000   -2.6352935
2730600   -3.1482973
2734200   -3.1156826
2737800   -2.42453
2741400   -1.0973798
2745000   0.51738435
2748600   1.8777989
2752200   2.5762384
2755800   2.4385667
2759400   1.502016
2763000   0.045822628
2766600   -1.415297
2770200   -2.5991595
2773800   -3.398383
2777400   -3.687862
2781000   -3.2564113
2784600   -2.0656297
2788200   -0.3920786
2791800   1.2640302
2795400   2.4036016
2799000   2.7099118
2802600   2.128097
2806200   0.8269333
2809800   -0.71583486
2813400   -2.0727394
2817000   -3.0591285
2820600   -3.573889
2824200   -3.4439588
2827800   -2.5174143
2831400   -0.9460744
2835000   0.8338253
2838600   2.2430978
2842200   2.8508868
2845800   2.5163028
2849400   1.3560479
2853000   -0.26114464
2856600   -1.8040997
2860200   -3.0033429
2863800   -3.7416646
2867400   -3.8741977
2871000   -3.1720088
2874600   -1.6788085
2878200   0.21055505
2881800   1.9343864
2885400   2.954231
2889000   3.0024095
2892600   2.142689
2896200   0.59014356
2899800   -1.0856826
2903400   -2.4932082
2907000   -3.4578571
2910600   -3.8750575
2914200   -3.5137477
2917800   -2.2777092
2921400   -0.45573112
2925000   1.4472861
2928600   2.8069181
2932200   3.2036982
2935800   2.5914617
2939400   1.1603714
2943000   -0.598132
2946600   -2.1613688
2950200   -3.3110461
2953800   -3.9464018
2957400   -3.867107
2961000   -2.8640788
2964600   -1.1231496
2968200   0.9061233
2971800   2.592432
2975400   3.4001985
2979000   3.1368961
2982600   1.9590977
2986200   0.19303653
2989800   -1.5233521
2993400   -2.8819427
2997000   -3.765635
3000600   -4.0313067
3004200   -3.399333
3007800   -1.8856444
3011400   0.12785855
3015000   2.0599747
3018600   3.2505565
3022200   3.369312
3025800   2.4723394
3029400   0.8065352
3033000   -1.0062587
3036600   -2.5227654
3040200   -3.5751872
3043800   -4.077137
3047400   -3.7513826
3051000   -2.477761
3054600   -0.56578
3058200   1.487458
3061800   3.0143874
3065400   3.538711
3069000   2.9640882
3072600   1.4870552
3076200   -0.39736804
3079800   -2.0899773
3083400   -3.3540418
3087000   -4.110366
3090600   -4.158215
3094200   -3.2597594
3097800   -1.5463178
3101400   0.56994903
3105000   2.4166734
3108600   3.390582
3112200   3.265148
3115800   2.206122
3119400   0.5058542
3123000   -1.1961424
3126600   -2.5395265
3130200   -3.3446167
3133800   -3.5274131
3137400   -2.8491921
3141000   -1.2761749
3144600   0.796918
3148200   2.7377608
3151800   3.8491378
3155400   4.0120883
3159000   3.163326
3162600   1.4620253
3166200   -0.50427186
3169800   -2.1881409
3173400   -3.3751872
3177000   -4.048174
3180600   -4.002758
3184200   -3.042586
3187800   -1.3076977
3191400   0.71836364
3195000   2.369318
3198600   3.08313
3202200   2.741201
3205800   1.5161428
3209400   -0.25434405
3213000   -1.9060849
3216600   -3.1440976
3220200   -3.8691998
3223800   -3.931675
3227400   -3.0959303
3231000   -1.4306452
3234600   0.64950216
3238200   2.5062041
3241800   3.52789
3245400   3.4467032
3249000   2.394982
3252600   0.6419953
3256200   -1.1589546
3259800   -2.6480696
3263400   -3.6709883
3267000   -4.1305723
3270600   -3.773502
3274200   -2.4814055
3277800   -0.5678987
3281400   1.4239347
3285000   2.846256
3288600   3.2695122
3292200   2.6963313
3295800   1.3243272
3299400   -0.40368155
3303000   -1.9388441
3306600   -3.0371413
3310200   -3.6049078
3313800   -3.4788408
3317400   -2.506346
3321000   -0.8206605
3324600   1.1428063
3328200   2.7370133
3331800   3.4691556
3335400   3.1947744
3339000   2.0262954
3342600   0.3276727
3346200   -1.3058486
3349800   -2.6083624
3353400   -3.4831698
3357000   -3.78448
3360600   -3.2903702
3364200   -1.9897588
3367800   -0.17837028
3371400   1.6243358
3375000   2.8071425
3378600   3.0524914
3382200   2.3881392
3385800   1.0170186
3389400   -0.55944943
3393000   -1.9018136
3396600   -2.8212156
3400200   -3.2530882
3403800   -3.030095
3407400   -2.018275
3411000   -0.38985255
3414600   1.4135418
3418200   2.8103888
3421800   3.3836274
3425400   3.014264
3429000   1.811075
3432600   0.21953805
3436200   -1.2651411
3439800   -2.4392352
3443400   -3.2171469
3447000   -3.4550326
3450600   -2.9438612
3454200   -1.7041574
3457800   -0.018176328
3461400   1.5863773
3465000   2.5870025
3468600   2.7430916
3472200   2.071889
3475800   0.7627394
3479400   -0.6730267
3483000   -1.8692276
3486600   -2.694672
3490200   -3.0685573
3493800   -2.8197312
3497400   -1.8756086
3501000   -0.38728836
3504600   1.2499151
3508200   2.4901536
3511800   2.9593813
3515400   2.5780227
3519000   1.4579778
3522600   -0.0004592814
3526200   -1.3446761
3529800   -2.4020078
3533400   -3.101676
3537000   -3.2946174
3540600   -2.8109136
3544200   -1.6722643
3547800   -0.13883835
3551400   1.3178414
3555000   2.2510872
3558600   2.442028
3562200   1.8815541
3565800   0.745306
3569400   -0.52375937
3573000   -1.592236
3576600   -2.3372362
3580200   -2.6776865
3583800   -2.457739
3587400   -1.6074831
3591000   -0.27414078
3594600   1.1951386
3598200   2.3338199
3601800   2.7933285
3605400   2.467165
3609000   1.457619
3612600   0.1310172
3616200   -1.1156808
3619800   -2.1205478
3623400   -2.8219314
3627000   -3.0722253
3630600   -2.7067578
3634200   -1.7126518
3637800   -0.29537475
3641400   1.1044596
3645000   2.0538075
3648600   2.3214805
3652200   1.8742901
3655800   0.8585288
3659400   -0.34009847
3663000   -1.3840705
3666600   -2.1325874
3670200   -2.5353835
3673800   -2.4578187
3677400   -1.7758383
3681000   -0.57893115
3684600   0.82310224
3688200   1.9787983
3691800   2.5474372
3695400   2.3764684
3699000   1.5361843
3702600   0.32612368
3706200   -0.87039936
3709800   -1.8588253
3713400   -2.5733714
3717000   -2.8753939
3720600   -2.597888
3724200   -1.6716683
3727800   -0.2919988
3731400   1.1129553
3735000   2.1214008
3738600   2.506538
3742200   2.1858702
3745800   1.2591625
3749400   0.09633056
3753000   -0.97043353
3756600   -1.7970548
3760200   -2.3078146
3763800   -2.3566208
3767400   -1.8013585
3771000   -0.6879576
3774600   0.6928473
3778200   1.8975319
3781800   2.5498438
3785400   2.4821737
3789000   1.704538
3792600   0.49090442
3796200   -0.7539878
3799800   -1.8055404
3803400   -2.5766275
3807000   -2.9481623
3810600   -2.7257729
3814200   -1.8378886
3817800   -0.47709897
3821400   0.9889599
3825000   2.126472
3828600   2.6247308
3832200   2.3883522
3835800   1.4956028
3839400   0.28383
3843000   -0.8552278
3846600   -1.7504516
3850200   -2.3523467
3853800   -2.495635
3857400   -1.9840169
3861000   -0.8461852
3864600   0.6092873
3868200   1.9026229
3871800   2.667768
3875400   2.6943042
3879000   1.956673
3882600   0.7137983
3886200   -0.60620344
3889800   -1.7333149
3893400   -2.5776198
3897000   -3.023651
3900600   -2.8828292
3904200   -2.0306983
3907800   -0.65876174
3911400   0.8632553
3915000   2.0582855
3918600   2.6084342
3922200   2.393919
3925800   1.4976772
3929400   0.27858475
3933000   -0.8325492
3936600   -1.6821965
3940200   -2.177598
3943800   -2.1265736
3947400   -1.4121172
3951000   -0.10962051
3954600   1.3718328
3958200   2.6185853
3961800   3.317861
3965400   3.2732391
3969000   2.3679109
3972600   0.93159807
3976200   -0.4915782
3979800   -1.6875633
3983400   -2.640042
3987000   -3.0913033
3990600   -2.8543022
3994200   -1.9066781
3997800   -0.4596892
4001400   1.123058
4005000   2.3333483
4008600   2.826685
4012200   2.4261985
4015800   1.323565
4019400   -0.023929413
4023000   -1.282767
4026600   -2.2072127
4030200   -2.6931646
4033800   -2.6467407
4037400   -1.8973203
4041000   -0.5542965
4044600   1.0630695
4048200   2.4114485
4051800   3.080265
4055400   2.8953156
4059000   1.9343066
4062600   0.53400165
4066200   -0.85057116
4069800   -1.9485141
4073400   -2.6762643
4077000   -2.8792973
4080600   -2.2889779
4084200   -0.99176383
4087800   0.6203937
4091400   2.2192402
4095000   3.2506428
4098600   3.3408756
4102200   2.5071788
4105800   1.0495775
4109400   -0.49253184
4113000   -1.7911346
4116600   -2.75208
4120200   -3.2825897
4123800   -3.140053
4127400   -2.1799746
4131000   -0.6390264
4134600   1.0695499
4138200   2.4014952
4141800   2.9352846
4145400   2.5568285
4149000   1.3876867
4152600   -0.13807753
4156200   -1.5273447
4159800   -2.5631406
4163400   -3.160417
4167000   -3.1604738
4170600   -2.4090095
4174200   -0.9926886
4177800   0.74593
4181400   2.2319891
4185000   2.9978695
4188600   2.8658087
4192200   1.8876952
4195800   0.3788916
4199400   -1.1062843
4203000   -2.278646
4206600   -3.0469682
4210200   -3.2739909
4213800   -2.764006
4217400   -1.5184162
4221000   0.17565706
4224600   1.8121194
4228200   2.852248
4231800   3.0219057
4235400   2.340366
4239000   1.0001328
4242600   -0.48406994
4246200   -1.701753
4249800   -2.50166
4253400   -2.7902203
4257000   -2.3974514
4260600   -1.254512
4264200   0.37936595
4267800   2.0560231
4271400   3.2549722
4275000   3.6148546
4278600   3.0318341
4282200   1.688576
4285800   0.12415384
4289400   -1.2674782
4293000   -2.3206573
4296600   -2.9070308
4300200   -2.8001022
4303800   -1.7910241
4307400   -0.26267746
4311000   1.4234859
4314600   2.8576772
4318200   3.5679495
4321800   3.295328
4325400   2.228809
4329000   0.7676422
4332600   -0.6040723
4336200   -1.63221
4339800   -2.2810793
4343400   -2.4418728
4347000   -1.8599378
4350600   -0.56747377
4354200   1.0734842
4357800   2.5347679
4361400   3.3861623
4365000   3.3430076
4368600   2.3520815
4372200   0.81677234
4375800   -0.6918851
4379400   -1.9380492
4383000   -2.8380275
4386600   -3.2411275
4390200   -2.9319282
4393800   -1.8518783
4397400   -0.23922715
4401000   1.4227895
4404600   2.5637748
4408200   2.921701
4411800   2.4203727
4415400   1.1698892
4419000   -0.24902523
4422600   -1.395804
4426200   -2.1576154
4429800   -2.480177
4433400   -2.238188
4437000   -1.2322509
4440600   0.28309932
4444200   1.901291
4447800   3.077968
4451400   3.4182045
4455000   2.9113395
4458600   1.6028403
4462200   0.094614185
4465800   -1.2262924
4469400   -2.3080218
4473000   -3.0067062
4476600   -3.1087637
4480200   -2.4330163
4483800   -1.0750753
4487400   0.6016838
4491000   2.063219
4494600   2.8508267
4498200   2.7454362
4501800   1.7997522
4505400   0.40046704
4509000   -0.95419693
4512600   -1.9731867
4516200   -2.5136943
4519800   -2.558404
4523400   -1.9693787
4527000   -0.77589655
4530600   0.8362754
4534200   2.3102458
4537800   3.1952016
4541400   3.251937
4545000   2.478204
4548600   1.1720707
4552200   -0.21405356
4555800   -1.3793548
4559400   -2.2494705
4563000   -2.6634557
4566600   -2.326307
4570200   -1.2948089
4573800   0.05341807
4577400   1.4491717
4581000   2.4778118
4584600   2.7917492
4588200   2.2968376
4591800   1.1588864
4595400   -0.15075268
4599000   -1.2947034
4602600   -2.082658
4606200   -2.4472597
4609800   -2.2130003
4613400   -1.327161
4617000   0.032680634
4620600   1.4916089
4624200   2.5893836
4627800   3.0514913
4631400   2.7742825
4635000   1.7739711
4638600   0.43208146
4642200   -0.8465033
4645800   -1.8768078
4649400   -2.5550826
4653000   -2.7209218
4656600   -2.233346
4660200   -1.1626487
4663800   0.2569464
4667400   1.5720295
4671000   2.3611007
4674600   2.3999593
4678200   1.7114339
4681800   0.53753704
4685400   -0.6867639
4689000   -1.6957034
4692600   -2.3586779
4696200   -2.5257907
4699800   -2.0818374
4703400   -0.93960655
4707000   0.65303004
4710600   2.1440766
4714200   3.105027
4717800   3.3939428
4721400   2.9435112
4725000   1.8693905
4728600   0.5788634
4732200   -0.6351089
4735800   -1.5820038
4739400   -2.0444772
4743000   -1.9634284
4746600   -1.3350446
4750200   -0.15951104
4753800   1.254868
4757400   2.4256938
4761000   2.9937506
4764600   2.9702394
4768200   2.2828474
4771800   1.1798409
4775400   0.045428947
4779000   -0.84619355
4782600   -1.2712886
4786200   -1.3175635
4789800   -0.85822
4793400   0.13924292
4797000   1.4120005
4800600   2.51318
4804200   3.1742246
4807800   3.1962216
4811400   2.5471058
4815000   1.4707774
4818600   0.34110084
4822200   -0.6646673
4825800   -1.4433025
4829400   -1.8037744
4833000   -1.6603348
4836600   -1.0135492
4840200   0.019583046
4843800   1.1798385
4847400   2.0996826
4851000   2.4861643
4854600   2.2295163
4858200   1.4178289
4861800   0.342398
4865400   -0.6741064
4869000   -1.4591084
4872600   -1.9105748
4876200   -1.9103492
4879800   -1.3789405
4883400   -0.38076696
4887000   0.8388712
4890600   1.9022808
4894200   2.4778178
4897800   2.4042315
4901400   1.7164222
4905000   0.6468279
4908600   -0.469136
4912200   -1.41004
4915800   -2.071852
4919400   -2.364631
4923000   -2.1524832
4926600   -1.3934017
4930200   -0.24365501
4933800   0.96807766
4937400   1.8884218
4941000   2.242323
4944600   1.96086
4948200   1.1563816
4951800   0.13821079
4955400   -0.8034825
4959000   -1.5189623
4962600   -1.9408001
4966200   -1.9633772
4969800   -1.4931417
4973400   -0.552568
4977000   0.6000641
4980600   1.6099826
4984200   2.1734622
4987800   2.1348772
4991400   1.5173415
4995000   0.5560477
4998600   -0.4126575
5002200   -1.1990316
5005800   -1.7465353
5009400   -1.8869959
5013000   -1.4774548
5016600   -0.60168535
5020200   0.5109631
5023800   1.7665871
5027400   2.7936313
5031000   3.224245
5034600   3.0218554
5038200   2.4160674
5041800   1.6296964
5045400   0.8071767
5049000   0.041389555
5052600   -0.4873578
5056200   -0.60944873
5059800   -0.4333967
5063400   0.20756869
5067000   1.2404643
5070600   2.192646
5074200   2.74092
5077800   2.7165709
5081400   2.1102984
5085000   1.0790099
5088600   -0.060549203
5092200   -1.0738791
5095800   -1.8594025
5099400   -2.319858
5103000   -2.2946343
5106600   -1.7183881
5110200   -0.669902
5113800   0.56435436
5117400   1.6166967
5121000   2.2230272
5124600   2.2291842
5128200   1.62738
5131800   0.625919
5135400   -0.44071916
5139000   -1.3511938
5142600   -1.9814191
5146200   -2.2108588
5149800   -1.9124513
5153400   -1.0442638
5157000   0.20307545
5160600   1.4576498
5164200   2.318613
5167800   2.5458617
5171400   2.0648832
5175000   1.0332572
5178600   -0.17871091
5182200   -1.2854613
5185800   -2.1553907
5189400   -2.6808906
5193000   -2.7165997
5196600   -2.112489
5200200   -0.9325972
5203800   0.49990892
5207400   1.7469889
5211000   2.4453619
5214600   2.4087508
5218200   1.6571126
5221800   0.44675526
5225400   -0.8175938
5229000   -1.872242
5232600   -2.5893126
5236200   -2.8652403
5239800   -2.5381348
5243400   -1.5375087
5247000   -0.060514163
5250600   1.4331087
5254200   2.479039
5257800   2.8327568
5261400   2.4426906
5265000   1.4189589
5268600   0.13632445
5272200   -1.0392563
5275800   -1.9499319
5279400   -2.4739265
5283000   -2.42337
5286600   -1.6289887
5290200   -0.22430022
5293800   1.386275
5297400   2.7332706
5301000   3.4531405
5304600   3.330489
5308200   2.376424
5311800   0.956101
5315400   -0.50417584
5319000   -1.757564
5322600   -2.6177852
5326200   -2.9993653
5329800   -2.7200599
5333400   -1.6507388
5337000   -0.08299066
5340600   1.5368669
5344200   2.6863554
5347800   2.9976642
5351400   2.4205256
5355000   1.152629
5358600   -0.33852527
5362200   -1.6634642
5365800   -2.6341202
5369400   -3.140042
5373000   -2.974722
5376600   -1.9703786
5380200   -0.35691693
5383800   1.450169
5387400   2.9188876
5391000   3.6123216
5394600   3.3290186
5398200   2.2011638
5401800   0.6341548
5405400   -0.88236123
5409000   -2.1630695
5412600   -3.0256739
5416200   -3.1737995
5419800   -2.490446
5423400   -1.0803068
5427000   0.76464987
5430600   2.4971075
5434200   3.5394502
5437800   3.6210256
5441400   2.7488327
5445000   1.1688637
5448600   -0.49740368
5452200   -1.8857838
5455800   -2.8920991
5459400   -3.3996966
5463000   -3.1205604
5466600   -1.9093237
5470200   -0.05720564
5473800   1.9054168
5477400   3.3621056
5481000   3.8812072
5484600   3.3717618
5488200   1.9914814
5491800   0.27482736
5495400   -1.2676134
5499000   -2.4224372
5502600   -3.1235864
5506200   -3.1980042
5509800   -2.3917713
5513400   -0.75895685
5517000   1.2426953
5520600   2.9785452
5524200   3.9391255
5527800   3.8378282
5531400   2.7113535
5535000   0.9490973
5538600   -0.7872007
5542200   -2.196957
5545800   -3.1549761
5549400   -3.4928956
5553000   -2.9466581
5556600   -1.468212
5560200   0.5585407
5563800   2.568251
5567400   3.8857772
5571000   4.14114
5574600   3.3077972
5578200   1.6373378
5581800   -0.21059245
5585400   -1.8484055
5589000   -3.0850463
5592600   -3.7890472
5596200   -3.7117772
5599800   -2.5908644
5603400   -0.6724704
5607000   1.4797101
5610600   3.2084348
5614200   4.0327263
5617800   3.763818
5621400   2.5350263
5625000   0.78053254
5628600   -0.89662486
5632200   -2.1484134
5635800   -2.8768
5639400   -2.9430795
5643000   -2.0747583
5646600   -0.33326924
5650200   1.8048708
5653800   3.6559353
5657400   4.697027
5661000   4.6847754
5664600   3.596896
5668200   1.8084543
5671800   -0.008636935
5675400   -1.5477028
5679000   -2.6899648
5682600   -3.2798479
5686200   -2.9738436
5689800   -1.651195
5693400   0.3153935
5697000   2.3042538
5700600   3.6941607
5704200   4.097752
5707800   3.3836792
5711400   1.7468933
5715000   -0.14531024
5718600   -1.7940435
5722200   -3.0423815
5725800   -3.7506292
5729400   -3.608419
5733000   -2.4178436
5736600   -0.46532306
5740200   1.706408
5743800   3.4332416
5747400   4.204874
5751000   3.8541057
5754600   2.4976294
5758200   0.5976437
5761800   -1.1789842
5765400   -2.5939326
5769000   -3.5687943
5772600   -3.9050007
5776200   -3.318354
5779800   -1.7765225
5783400   0.30403712
5787000   2.2885046
5790600   3.50002
5794200   3.6327038
5797800   2.7614865
5801400   1.1037885
5805000   -0.6977791
5808600   -2.195831
5812200   -3.2092488
5815800   -3.6571374
5819400   -3.306428
5823000   -1.9801067
5826600   0.018838262
5830200   2.1159706
5833800   3.637737
5837400   4.1503353
5841000   3.6034722
5844600   2.1513066
5848200   0.36578143
5851800   -1.212068
5855400   -2.440745
5859000   -3.254545
5862600   -3.3903475
5866200   -2.5371723
5869800   -0.85173523
5873400   1.199725
5877000   2.933677
5880600   3.8485744
5884200   3.7546182
5887800   2.7232888
5891400   1.0870037
5895000   -0.50578606
5898600   -1.7575023
5902200   -2.5549366
5905800   -2.7624352
5909400   -2.1415284
5913000   -0.6901042
5916600   1.2113897
5920200   3.0063741
5923800   4.1426024
5927400   4.345766
5931000   3.5695686
5934600   2.0276506
5938200   0.36542308
5941800   -1.0899987
5945400   -2.1914585
5949000   -2.8001761
5952600   -2.705719
5956200   -1.7887622
5959800   -0.25026062
5963400   1.493045
5967000   2.9373145
5970600   3.6457572
5974200   3.418878
5977800   2.340665
5981400   0.84943056
5985000   -0.56878334
5988600   -1.6749079
5992200   -2.3879325
5995800   -2.5659683
5999400   -1.9861816
6003000   -0.6779464
6006600   1.0334783
6010200   2.6071885
6013800   3.535223
6017400   3.5881143
6021000   2.7679193
6024600   1.3282757
6028200   -0.18064569
6031800   -1.4733529
6035400   -2.4318492
6039000   -2.9364552
6042600   -2.8029754
6046200   -1.9021221
6049800   -0.42747223
6053400   1.1950159
6057000   2.44663
6060600   2.9989412
6064200   2.7268064
6067800   1.6928948
6071400   0.3187689
6075000   -0.94530576
6078600   -1.929587
6082200   -2.56615
6085800   -2.6876202
6089400   -2.1598818
6093000   -1.0007086
6096600   0.53003806
6100200   1.9095746
6103800   2.7092905
6107400   2.7345037
6111000   1.975894
6114600   0.71182877
6118200   -0.593951
6121800   -1.6846781
6125400   -2.4742157
6129000   -2.8663375
6132600   -2.7173636
6136200   -1.9065285
6139800   -0.58485585
6143400   0.8340469
6147000   1.9382026
6150600   2.423906
6154200   2.1756825
6157800   1.2673436
6161400   0.08534902
6165000   -1.0136249
6168600   -1.8758863
6172200   -2.4061165
6175800   -2.486572
6179400   -2.0245767
6183000   -0.99615276
6186600   0.36536667
6190200   1.6240457
6193800   2.3958504
6197400   2.487326
6201000   1.8795003
6204600   0.78557706
6208200   -0.39229986
6211800   -1.3906665
6215400   -2.1508775
6219000   -2.586661
6222600   -2.5367713
6226200   -1.9178296
6229800   -0.82667345
6233400   0.4556566
6237000   1.5173312
6240600   2.0573378
6244200   1.9703223
6247800   1.2968127
6251400   0.2886435
6255000   -0.70285666
6258600   -1.4878875
6262200   -2.0037491
6265800   -2.1491613
6269400   -1.8000569
6273000   -0.9145159
6276600   0.29701912
6280200   1.4385283
6283800   2.1765718
6287400   2.3214576
6291000   1.8353368
6294600   0.8761258
6298200   -0.21801738
6301800   -1.2129939
6305400   -2.0046191
6309000   -2.4959338
6312600   -2.5459096
6316200   -2.0554636
6319800   -1.0624646
6323400   0.19362183
6327000   1.3169081
6330600   1.9765595
6334200   2.0237472
6337800   1.4519839
6341400   0.47769445
6345000   -0.5631299
6348600   -1.4570746
6352200   -2.115693
6355800   -2.435667
6359400   -2.2921574
6363000   -1.6284437
6366600   -0.53485787
6370200   0.66399664
6373800   1.5764873
6377400   1.9483833
6381000   1.6964793
6384600   0.9034667
6388200   -0.1565426
6391800   -1.171337
6395400   -1.9688649
6399000   -2.4784536
6402600   -2.565455
6406200   -2.081954
6409800   -1.0781697
6413400   0.2082659
6417000   1.4000647
6420600   2.1383502
6424200   2.2492373
6427800   1.7341058
6431400   0.75358164
6435000   -0.33232206
6438600   -1.2766393
6442200   -1.9889382
6445800   -2.3491263
6449400   -2.1987832
6453000   -1.4563435
6456600   -0.24192385
6460200   1.0808005
6463800   2.1240394
6467400   2.6129873
6471000   2.3809087
6474600   1.514668
6478200   0.36171627
6481800   -0.7936992
6485400   -1.720389
6489000   -2.313437
6492600   -2.4481106
6496200   -1.9699814
6499800   -0.930259
6503400   0.43805587
6507000   1.7105973
6510600   2.4805558
6514200   2.5611773
6517800   1.9410625
6521400   0.815047
6525000   -0.41199514
6528600   -1.4834415
6532200   -2.2826197
6535800   -2.6960537
6539400   -2.5419147
6543000   -1.7377002
6546600   -0.4527726
6550200   0.95599365
6553800   2.0464618
6557400   2.4850953
6561000   2.1633594
6564600   1.1799494
6568200   -0.092293955
6571800   -1.2550277
6575400   -2.1553564
6579000   -2.6946857
6582600   -2.6928828
6586200   -2.0242653
6589800   -0.78343403
6593400   0.7315178
6597000   2.0404816
6600600   2.7382724
6604200   2.6378555
6607800   1.7702677
6611400   0.43885222
6615000   -0.9007495
6618600   -1.9833786
6622200   -2.7194083
6625800   -2.9755669
6629400   -2.5666628
6633000   -1.46967
6636600   0.06969542
6640200   1.5733594
6643800   2.5760307
6647400   2.8094344
6651000   2.2460291
6654600   1.052263
6658200   -0.32008722
6661800   -1.5036626
6665400   -2.3586767
6669000   -2.7671187
6672600   -2.5405042
6676200   -1.5743856
6679800   -0.07745338
6683400   1.5329173
6687000   2.755215
6690600   3.2354367
6694200   2.8531528
6697800   1.7372413
6701400   0.30701032
6705000   -1.0078588
6708600   -2.0318806
6712200   -2.6859887
6715800   -2.7939076
6719400   -2.1515186
6723000   -0.8574618
6726600   0.73659205
6730200   2.1288028
6733800   2.8761725
6737400   2.7708683
6741000   1.8543221
6744600   0.4546271
6748200   -0.920866
6751800   -2.0027363
6755400   -2.6899464
6759000   -2.8267078
6762600   -2.225879
6766200   -0.923644
6769800   0.75320256
6773400   2.3040144
6777000   3.2559261
6780600   3.3379674
6784200   2.5432978
6787800   1.1323864
6791400   -0.37239388
6795000   -1.6547401
6798600   -2.5911114
6802200   -3.0573819
6805800   -2.827875
6809400   -1.7901865
6813000   -0.2172925
6816600   1.4266633
6820200   2.633322
6823800   3.0368905
6827400   2.5565228
6831000   1.3417114
6834600   -0.13410749
6838200   -1.4359636
6841800   -2.38322
6845400   -2.8695605
6849000   -2.71657
6852600   -1.770825
6856200   -0.21865703
6859800   1.511669
6863400   2.8697293
6867000   3.4499652
6870600   3.111765
6874200   1.9480364
6877800   0.39274204
6881400   -1.0678241
6885000   -2.2241642
6888600   -2.975848
6892200   -3.1451757
6895800   -2.5148225
6899400   -1.159326
6903000   0.5633597
6906600   2.1030142
6910200   2.96342
6913800   2.925225
6917400   2.0338578
6921000   0.58091116
6924600   -0.89409053
6928200   -2.0736403
6931800   -2.827527
6935400   -3.0311213
6939000   -2.4837918
6942600   -1.1909633
6946200   0.5374641
6949800   2.1856484
6953400   3.2409956
6957000   3.3968546
6960600   2.6339097
6964200   1.182697
6967800   -0.3966384
6971400   -1.7212121
6975000   -2.6772392
6978600   -3.1626647
6982200   -2.9499483
6985800   -1.9075893
6989400   -0.29773948
6993000   1.4125363
6996600   2.6783438
7000200   3.1146202
7003800   2.6410286
7007400   1.4108176
7011000   -0.11702253
7014600   -1.4725296
7018200   -2.4471655
7021800   -2.9585257
7025400   -2.831165
7029000   -1.8989273
7032600   -0.35446137
7036200   1.4054996
7039800   2.8157158
7043400   3.4288824
7047000   3.0963855
7050600   1.9281266
7054200   0.34909633
7057800   -1.1283207
7061400   -2.2845604
7065000   -3.0377543
7068600   -3.222702
7072200   -2.6222527
7075800   -1.2903163
7079400   0.41899872
7083000   1.9642787
7086600   2.8600104
7090200   2.853846
7093800   1.9917933
7097400   0.54378676
7101000   -0.9429913
7104600   -2.1374428
7108200   -2.9081757
7111800   -3.1503124
7115400   -2.6782053
7119000   -1.4772054
7122600   0.18799761
7126200   1.8136253
7129800   2.8726523
7133400   3.0647566
7137000   2.3599665
7140600   0.95961744
7144200   -0.59959537
7147800   -1.9330137
7151400   -2.8997822
7155000   -3.396728
7158600   -3.235395
7162200   -2.2965758
7165800   -0.77430856
7169400   0.9145684
7173000   2.2249477
7176600   2.7638922
7180200   2.418965
7183800   1.3245306
7187400   -0.1285696
7191000   -1.4553349
7194600   -2.4159153
7198200   -2.9211934
7201800   -2.8284469
7205400   -2.00714
7209000   -0.5781277
7212600   1.1005815
7216200   2.4989903
7219800   3.1957338
7223400   3.026899
7227000   2.049658
7230600   0.59548223
7234200   -0.8351471
7237800   -1.9936755
7241400   -2.7796018
7245000   -3.0601661
7248600   -2.612477
7252200   -1.4543192
7255800   0.106357396
7259400   1.6017766
7263000   2.5827222
7266600   2.7684546
7270200   2.1378396
7273800   0.8926423
7277400   -0.48762858
7281000   -1.6520598
7284600   -2.4439948
7288200   -2.7791753
7291800   -2.5151489
7295400   -1.5745399
7299000   -0.13088836
7302600   1.3983103
7306200   2.5260653
7309800   2.9243996
7313400   2.4762993
7317000   1.3239214
7320600   -0.10196305
7324200   -1.3941317
7327800   -2.3855364
7331400   -2.9981902
7335000   -3.0819447
7338600   -2.479333
7342200   -1.2916025
7345800   0.19538215
7349400   1.5304992
7353000   2.2743838
7356600   2.2684138
7360200   1.5646062
7363800   0.39684448
7367400   -0.7877007
7371000   -1.7587283
7374600   -2.4162202
7378200   -2.5862157
7381800   -2.1570704
7385400   -1.14559
7389000   0.19044995
7392600   1.4755839
7396200   2.3484087
7399800   2.560905
7403400   1.9857574
7407000   0.8071574
7410600   -0.5400191
7414200   -1.6836312
7417800   -2.5417657
7421400   -3.0402098
7425000   -3.0196009
7428600   -2.3644109
7432200   -1.1925247
7435800   0.22452748
7439400   1.4165368
7443000   2.0451407
7446600   1.9824406
7450200   1.2755091
7453800   0.18462643
7457400   -0.9296939
7461000   -1.7965089
7464600   -2.3375375
7468200   -2.4790027
7471800   -2.0814383
7475400   -1.1543801
7479000   0.116915725
7482600   1.3428729
7486200   2.1347668
7489800   2.2907834
7493400   1.793747
7497000   0.7875005
7500600   -0.35058153
7504200   -1.3470366
7507800   -2.105537
7511400   -2.539268
7515000   -2.5097327
7518600   -1.9195282
7522200   -0.8616285
7525800   0.39426717
7529400   1.4477973
7533000   2.016888
7536600   1.9611319
7540200   1.3153223
7543800   0.29473022
7547400   -0.73882455
7551000   -1.5613534
7554600   -2.1060956
7558200   -2.2446866
7561800   -1.8574687
7565400   -1.1453993
7569000   -0.010882199
7572600   1.2713541
7576200   2.1329098
7579800   2.3797522
7583400   2.0056984
7587000   1.1009848
7590600   -0.004362934
7594200   -1.0577796
7597800   -1.9330217
7601400   -2.479814
7605000   -2.687951
7608600   -2.389209
7612200   -1.5564193
7615800   -0.34007475
7619400   0.88053596
7623000   1.721847
7626600   1.9909246
7630200   1.7275035
7633800   0.9991789
7637400   0.06319321
7641000   -0.75658894
7644600   -1.3375049
7648200   -1.6783812
7651800   -1.5675262
7655400   -0.8007348
7659000   0.30285105
7662600   1.4208225
7666200   2.306202
7669800   2.7041583
7673400   2.4651852
7677000   1.6102514
7680600   0.48041075
7684200   -0.5983304
7687800   -1.5618435
7691400   -2.2640839
7695000   -2.5269687
7698600   -2.2054827
7702200   -1.3232589
7705800   -0.04942177
7709400   1.2788566
7713000   2.260289
7716600   2.620694
7720200   2.2452111
7723800   1.2713972
7727400   0.07457287
7731000   -1.0673035
7734600   -1.9937884
7738200   -2.5926805
7741800   -2.7425282
7745400   -2.2841394
7749000   -1.1980302
7752600   0.21060927
7756200   1.5046364
7759800   2.3369668
7763400   2.474813
7767000   1.8816729
7770600   0.76339823
7774200   -0.48710433
7777800   -1.5939922
7781400   -2.4009218
7785000   -2.7915869
7788600   -2.597469
7792200   -1.6934732
7795800   -0.2791469
7799400   1.2264634
7803000   2.3507166
7806600   2.7861326
7810200   2.4336405
7813800   1.3832302
7817400   0.0055640065
7821000   -1.3123069
7824600   -2.3858294
7828200   -3.0942018
7831800   -3.2530322
7835400   -2.6337128
7839000   -1.306853
7842600   0.35715118
7846200   1.8573413
7849800   2.7666323
7853400   2.8454542
7857000   2.0915277
7860600   0.7228512
7864200   -0.76221234
7867800   -2.034261
7871400   -2.9581394
7875000   -3.3876557
7878600   -3.1032197
7882200   -1.9962915
7885800   -0.3234429
7889400   1.4144336
7893000   2.6830816
7896600   3.126347
7900200   2.644361
7903800   1.3630819
7907400   -0.26479146
7911000   -1.7643086
7914600   -2.9337711
7918200   -3.6752787
7921800   -3.7958484
7925400   -3.0504937
7929000   -1.5263877
7932600   0.35975125
7936200   2.0319588
7939800   2.96596
7943400   2.9363582
7947000   1.9978778
7950600   0.40395993
7954200   -1.2424986
7957800   -2.5940554
7961400   -3.5145946
7965000   -3.866215
7968600   -3.3799508
7972200   -1.9975109
7975800   -0.06345441
7979400   1.866471
7983000   3.1765316
7986600   3.4990327
7990200   2.8067029
7993800   1.2810094
7997400   -0.5253085
8001000   -2.117187
8004600   -3.3143632
8008200   -4.0226808
8011800   -3.9773817
8015400   -2.945471
8019000   -1.1410728
8022600   0.9276446
8026200   2.6249998
8029800   3.4173522
8033400   3.1369634
8037000   1.9298617
8040600   0.14048633
8044200   -1.574555
8047800   -2.9157238
8051400   -3.739689
8055000   -3.8941867
8058600   -3.0826163
8062200   -1.3729397
8065800   0.7808086
8069400   2.7490966
8073000   3.8978367
8076600   3.9527311
8080200   3.0115678
8083800   1.3110467
8087400   -0.47199798
8091000   -1.9793544
8094600   -3.0624259
8098200   -3.634592
8101800   -3.3706002
8105400   -2.0258684
8109000   -0.010179323
8112600   2.07439
8116200   3.579645
8119800   4.080855
8123400   3.541989
8127000   2.112961
8130600   0.1742014
8134200   -1.5468212
8137800   -2.7791238
8141400   -3.5089366
8145000   -3.5030344
8148600   -2.427953
8152200   -0.4469803
8155800   1.837411
8159400   3.6641595
8163000   4.537671
8166600   4.254447
8170200   2.9867916
8173800   1.1845487
8177400   -0.5712649
8181000   -1.9628345
8184600   -2.940554
8188200   -3.346549
8191800   -2.7619817
8195400   -1.2159817
8199000   0.81397796
8202600   2.7734017
8206200   3.9969068
8209800   4.0831823
8213400   3.067683
8217000   1.2527176
8220600   -0.64554363
8224200   -2.2301435
8227800   -3.349785
8231400   -3.915925
8235000   -3.5878718
8238600   -2.2114384
8242200   -0.18701787
8245800   1.9845586
8249400   3.594173
8253000   4.155534
8256600   3.5605476
8260200   1.9811714
8263800   -0.003449768
8267400   -1.7873755
8271000   -3.140707
8274600   -3.9919553
8278200   -4.1174717
8281800   -3.2154038
8285400   -1.415889
8289000   0.7660013
8292600   2.6556966
8296200   3.6453383
8299800   3.5196202
8303400   2.425203
8307000   0.6600494
8310600   -1.1021503
8314200   -2.4887786
8317800   -3.3505473
8321400   -3.566279
8325000   -2.8238199
8328600   -1.1626743
8332200   0.95400107
8335800   2.9163702
8339400   4.1219945
8343000   4.247329
8346600   3.3327641
8350200   1.5843456
8353800   -0.3116235
8357400   -1.92299
8361000   -3.0985634
8364600   -3.750097
8368200   -3.6033568
8371800   -2.43052
8375400   -0.5574462
8379000   1.4448853
8382600   2.9658515
8386200   3.5653567
8389800   3.1146848
8393400   1.7726104
8397000   0.010507405
8400600   -1.5811225
8404200   -2.7724211
8407800   -3.4263744
8411400   -3.3785925
8415000   -2.472485
8418600   -0.78621167
8422200   1.2464193
8425800   2.9697006
8429400   3.834274
8433000   3.6407242
8436600   2.5085194
8440200   0.78985924
8443800   -0.86477625
8447400   -2.1898854
8451000   -3.0793483
8454600   -3.3763566
8458200   -2.825527
8461800   -1.4082282
8465400   0.48627454
8469000   2.2175562
8472600   3.2823231
8476200   3.4681418
8479800   2.7992923
8483400   1.4541994
8487000   -0.06848963
8490600   -1.3819346
8494200   -2.3100977
8497800   -2.743095
8501400   -2.478343
8505000   -1.4352522
8508600   0.19229452
8512200   1.8833926
8515800   3.1046855
8519400   3.6231356
8523000   3.2812076
8526600   2.1390584
8530200   0.67421454
8533800   -0.7162908
8537400   -1.8158615
8541000   -2.5056381
8544600   -2.6524632
8548200   -2.0785985
8551800   -0.85368866
8555400   0.7037775
8559000   2.075702
8562600   2.8667226
8566200   2.8785918
8569800   2.1080065
8573400   0.81537074
8577000   -0.5133518
8580600   -1.6286381
8584200   -2.443222
8587800   -2.8211968
8591400   -2.5662382
8595000   -1.6253659
8598600   -0.21735804
8602200   1.2500274
8605800   2.3155828
8609400   2.6936567
8613000   2.2935212
8616600   1.2581166
8620200   -0.011080336
8623800   -1.1714671
8627400   -2.0616052
8631000   -2.591417
8634600   -2.62731
8638200   -2.0478632
8641800   -0.91413814
8645400   0.48445356
8649000   1.6893604
8652600   2.3523777
8656200   2.3263152
8659800   1.6365607
8663400   0.53086674
8667000   -0.58977973
8670600   -1.4836895
8674200   -2.101199
8677800   -2.3565357
8681400   -2.1075013
8685000   -1.2883749
8688600   -0.06739303
8692200   1.1787881
8695800   2.0593717
8699400   2.3487937
8703000   1.979491
8706600   1.0939986
8710200   0.059389796
8713800   -0.844624
8717400   -1.5350208
8721000   -1.910418
8724600   -1.8238481
8728200   -1.2290554
8731800   -0.2881032
8735400   0.8582701
8739000   1.8375827
8742600   2.368138
8746200   2.4072998
8749800   1.9853816
8753400   1.194601
8757000   0.38568977
8760600   -0.2598685
8764200   -0.7233716
8767800   -0.923898
8771400   -0.7570458
8775000   -0.20629835
8778600   0.65498805
8782200   1.5650374
8785800   2.234834
8789400   2.4929984
8793000   2.2744086
8796600   1.6376587
8800200   0.7916289
8803800   -0.062286776
8807400   -0.80315924
8811000   -1.30868
8814600   -1.4899586
8818200   -1.2860794
8821800   -0.684287
8825400   0.16930155
8829000   1.0416236
8832600   1.6779122
8836200   1.884776
8839800   1.6329875
8843400   1.0057375
8847000   0.19173488
8850600   -0.5791806
8854200   -1.1913105
8857800   -1.6030028
8861400   -1.7041885
8865000   -1.4099174
8868600   -0.7260557
8872200   0.17055239
8875800   0.97589356
8879400   1.4650271
8883000   1.5571287
8886600   1.2119933
8890200   0.5225306
8893800   -0.2744253
8897400   -0.99178493
8901000   -1.5219334
8904600   -1.7654343
8908200   -1.605656
8911800   -0.9848862
8915400   0.015380482
8919000   1.1180477
8922600   2.0095284
8926200   2.4580998
8929800   2.402516
8933400   1.7986162
8937000   0.8629618
8940600   -0.14018844
8944200   -1.0421749
8947800   -1.703759
8951400   -2.0138118
8955000   -1.827376
8958600   -1.1360068
8962200   -0.09804079
8965800   0.8896625
8969400   1.5987014
8973000   1.8772418
8976600   1.6295458
8980200   0.9016985
8983800   0.000706074
8987400   -0.8659921
8991000   -1.567616
8994600   -1.9249855
8998200   -1.841655
9001800   -1.2955579
9005400   -0.23611473
9009000   1.0015191
9012600   1.8721715
9016200   2.312645
9019800   2.232005
9023400   1.55126
9027000   0.49984607
9030600   -0.57803905
9034200   -1.4781145
9037800   -2.0802987
9041400   -2.2342126
9045000   -1.8764842
9048600   -0.95347667
9052200   0.3033596
9055800   1.5444323
9059400   2.3515427
9063000   2.4930954
9066600   1.9650116
9070200   0.9604341
9073800   -0.17895631
9077400   -1.168784
9081000   -1.8805658
9084600   -2.2324057
9088200   -2.092037
9091800   -1.384665
9095400   -0.21329074
9099000   1.108129
9102600   2.158871
9106200   2.6079195
9109800   2.3559906
9113400   1.5242091
9117000   0.4787635
9120600   -0.5510437
9124200   -1.3402306
9127800   -1.7252119
9131400   -1.5596955
9135000   -0.74214
9138600   0.4388282
9142200   1.7474161
9145800   2.8357303
9149400   3.254731
9153000   2.9493868
9156600   2.0973723
9160200   0.9062733
9163800   -0.31265125
9167400   -1.3368554
9171000   -2.0713634
9174600   -2.3294213
9178200   -1.8644187
9181800   -0.77692646
9185400   0.6695523
9189000   2.0353086
9192600   2.8987303
9196200   3.024567
9199800   2.3219066
9203400   1.0417509
9207000   -0.3336293
9210600   -1.5110617
9214200   -2.3774073
9217800   -2.8102918
9221400   -2.670642
9225000   -1.8340256
9228600   -0.40037793
9232200   1.1646445
9235800   2.343632
9239400   2.8121426
9243000   2.4912534
9246600   1.4345282
9250200   0.03283041
9253800   -1.2608718
9257400   -2.2529135
9261000   -2.8244984
9264600   -2.8096545
9268200   -2.0809648
9271800   -0.71510166
9275400   0.9582118
9279000   2.3686314
9282600   3.0710104
9286200   2.8727698
9289800   1.8402259
9293400   0.35322824
9297000   -1.0103195
9300600   -2.0379295
9304200   -2.6612313
9307800   -2.661575
9311400   -1.8857268
9315000   -0.5154685
9318600   1.171113
9322200   2.6289687
9325800   3.4326575
9329400   3.39351
9333000   2.5321672
9336600   1.1224754
9340200   -0.3540233
9343800   -1.5922023
9347400   -2.444407
9351000   -2.7245526
9354600   -2.2138493
9358200   -0.9210919
9361800   0.79957795
9365400   2.397552
9369000   3.3857477
9372600   3.5103352
9376200   2.7362607
9379800   1.3098499
9383400   -0.23161013
9387000   -1.5936543
9390600   -2.6501782
9394200   -3.230574
9397800   -3.1129646
9401400   -2.1533804
9405000   -0.60095125
9408600   1.1038657
9412200   2.4203532
9415800   2.9421651
9419400   2.535632
9423000   1.3288822
9426600   -0.24352378
9430200   -1.6790024
9433800   -2.7338545
9437400   -3.3154404
9441000   -3.254981
9444600   -2.3739028
9448200   -0.8066393
9451800   1.0501919
9455400   2.564485
9459000   3.2822242
9462600   3.0342088
9466200   1.910275
9469800   0.2756774
9473400   -1.2971916
9477000   -2.5267973
9480600   -3.3149953
9484200   -3.4966674
9487800   -2.8560867
9491400   -1.4229265
9495000   0.44118726
9498600   2.1458724
9502200   3.1405938
9505800   3.173622
9509400   2.2881827
9513000   0.73434114
9516600   -0.88164026
9520200   -2.191975
9523800   -3.0492828
9527400   -3.334168
9531000   -2.8349042
9534600   -1.5044264
9538200   0.33885083
9541800   2.1338067
9545400   3.3050227
9549000   3.5444555
9552600   2.8154774
9556200   1.3151118
9559800   -0.37145287
9563400   -1.8189412
9567000   -2.8729887
9570600   -3.430672
9574200   -3.271275
9577800   -2.2214863
9581400   -0.5244139
9585000   1.3353757
9588600   2.7457023
9592200   3.2814038
9595800   2.8333344
9599400   1.5425502
9603000   -0.13062501
9606600   -1.6399672
9610200   -2.7486432
9613800   -3.3646162
9617400   -3.3122597
9621000   -2.4056854
9624600   -0.7837714
9628200   1.1254641
9631800   2.7074218
9635400   3.4681003
9639000   3.21966
9642600   2.055167
9646200   0.35677734
9649800   -1.2677864
9653400   -2.5515215
9657000   -3.3973424
9660600   -3.6490698
9664200   -3.0893133
9667800   -1.7173144
9671400   0.1336944
9675000   1.8814005
9678600   2.9491248
9682200   3.0817595
9685800   2.267257
9689400   0.7472607
9693000   -0.8684957
9696600   -2.1899626
9700200   -3.0918617
9703800   -3.4427373
9707400   -3.0130646
9711000   -1.8237437
9714600   -0.051213134
9718200   1.7510161
9721800   2.9770188
9725400   3.3354309
9729000   2.7098777
9732600   1.2812221
9736200   -0.37163252
9739800   -1.8321471
9743400   -2.9135458
9747000   -3.5052922
9750600   -3.437531
9754200   -2.5543025
9757800   -0.9685299
9761400   0.83820903
9765000   2.305127
9768600   3.0248668
9772200   2.7720177
9775800   1.6910151
9779400   0.15168557
9783000   -1.2565372
9786600   -2.257399
9790200   -2.7881806
9793800   -2.7272742
9797400   -2.0171912
9801000   -0.62011355
9804600   1.0709742
9808200   2.533634
9811800   3.296181
9815400   3.1781156
9819000   2.2596776
9822600   0.8043586
9826200   -0.7039112
9829800   -1.9687908
9833400   -2.8582017
9837000   -3.2766337
9840600   -2.9502916
9844200   -1.8684819
9847800   -0.27347213
9851400   1.4021759
9855000   2.598351
9858600   2.9536288
9862200   2.5020704
9865800   1.330534
9869400   -0.11718822
9873000   -1.3666263
9876600   -2.2588665
9880200   -2.7500257
9883800   -2.7033722
9887400   -1.9498369
9891000   -0.60719
9894600   0.98266214
9898200   2.320575
9901800   3.0083294
9905400   2.8636117
9909000   1.9495605
9912600   0.6158738
9916200   -0.69099945
9919800   -1.7010323
9923400   -2.346912
9927000   -2.6086848
9930600   -2.3004322
9934200   -1.27502
9937800   0.16989027
9941400   1.5631727
9945000   2.4664826
9948600   2.6501713
9952200   2.1007824
9955800   0.94511753
9959400   -0.36305204
9963000   -1.497796
9966600   -2.3220847
9970200   -2.7521706
9973800   -2.6491268
9977400   -1.9224068
9981000   -0.68202055
9984600   0.7483345
9988200   1.9198135
9991800   2.5133796
9995400   2.3932867
9999000   1.6094829
10002600  0.4552866
10006200  -0.6791397
10009800  -1.5668561
10013400  -2.1345146
10017000  -2.278661
10020600  -1.865387
10024200  -0.90315825
10027800  0.38266328
10031400  1.634465
10035000  2.481344
10038600  2.7068098
10042200  2.2691977
10045800  1.3359517
10049400  0.27299994
10053000  -0.66527385
10056600  -1.3606794
10060200  -1.7305398
10063800  -1.6460805
10067400  -1.0593553
10071000  -0.05436583
10074600  1.1016296
10078200  2.0670838
10081800  2.575904
10085400  2.4840531
10089000  1.7841551
10092600  0.72360986
10096200  -0.36439252
10099800  -1.3087924
10103400  -2.0164754
10107000  -2.3510718
10110600  -2.16999
10114200  -1.4415455
10117800  -0.29087183
10121400  0.9474496
10125000  1.9001784
10128600  2.327268
10132200  2.1298997
10135800  1.386963
10139400  0.37276545
10143000  -0.64920604
10146600  -1.5246398
10150200  -2.1483893
10153800  -2.3920543
10157400  -2.120898
10161000  -1.2848362
10164600  -0.07659063
10168200  1.14401
10171800  2.0116282
10175400  2.3153865
10179000  2.0340343
10182600  1.2413753
10186200  0.24196708
10189800  -0.6704706
10193400  -1.3838413
10197000  -1.8296895
10200600  -1.8907441
10204200  -1.4399217
10207800  -0.46221438
10211400  0.7833028
10215000  1.9026614
10218600  2.567864
10222200  2.608657
10225800  1.9925636
10229400  0.9450412
10233000  -0.1754442
10236600  -1.1648046
10240200  -1.9108504
10243800  -2.3093648
10247400  -2.18383
10251000  -1.4364543
10254600  -0.20756851
10258200  1.1302272
10261800  2.1991022
10265400  2.7185087
10269000  2.5104032
10272600  1.6244829
10276200  0.4005206
10279800  -0.81566083
10283400  -1.8424909
10287000  -2.5548525
10290600  -2.8117225
10294200  -2.4407268
10297800  -1.390853
10301400  0.08770469
10305000  1.5509666
10308600  2.5443907
10312200  2.8036747
10315800  2.2648225
10319400  1.0977552
10323000  -0.2806879
10326600  -1.5403025
10330200  -2.5229056
10333800  -3.1131527
10337400  -3.122045
10341000  -2.3583932
10344600  -0.95887536
10348200  0.7017045
10351800  2.1296976
10355400  2.8914256
10359000  2.791612
10362600  1.8788681
10366200  0.48589534
10369800  -0.88926953
10373400  -1.9906461
10377000  -2.6798973
10380600  -2.8708026
10384200  -2.3763363
10387800  -1.1463952
10391400  0.5937209
10395000  2.270329
10398600  3.288473
10402200  3.421098
10405800  2.6589134
10409400  1.1559451
10413000  -0.4845351
10416600  -1.9160749
10420200  -3.0191061
10423800  -3.6568053
10427400  -3.597237
10431000  -2.6576831
10434600  -1.011707
10438200  0.88046724
10441800  2.4433296
10445400  3.182955
10449000  2.946441
10452600  1.8184471
10456200  0.16211888
10459800  -1.4144976
10463400  -2.6491935
10467000  -3.4263117
10470600  -3.5701456
10474200  -2.8659286
10477800  -1.3549877
10481400  0.5517819
10485000  2.2873294
10488600  3.2619498
10492200  3.1914666
10495800  2.1522772
10499400  0.41754183
10503000  -1.3559304
10506600  -2.8318675
10510200  -3.8936522
10513800  -4.414676
10517400  -4.095517
10521000  -2.7926044
10524600  -0.78987426
10528200  1.335097
10531800  2.9169323
10535400  3.4647374
10539000  2.9185772
10542600  1.5010091
10546200  -0.36752483
10549800  -2.055904
10553400  -3.3207402
10557000  -4.0458865
10560600  -4.0335245
10564200  -3.011852
10567800  -1.1642127
10571400  1.0198815
10575000  2.8636167
10578600  3.7789128
10582200  3.5490727
10585800  2.3298695
10589400  0.4307464
10593000  -1.4358535
10596600  -2.9425988
10600200  -3.9492767
10603800  -4.3067927
10607400  -3.6782608
10611000  -2.0243552
10614600  0.20238625
10618200  2.322621
10621800  3.6954942
10625400  3.954136
10629000  3.1049445
10632600  1.3737304
10636200  -0.56007314
10639800  -2.192693
10643400  -3.3330598
10647000  -3.9072165
10650600  -3.6088276
10654200  -2.237012
10657800  -0.11992457
10661400  2.1080601
10665000  3.7326856
10668600  4.275844
10672200  3.6315167
10675800  2.012671
10679400  0.012906452
10683000  -1.7667724
10686600  -3.1123598
10690200  -3.9246867
10693800  -3.960554
10697400  -2.931883
10701000  -1.0230453
10704600  1.2269256
10708200  3.129833
10711800  4.087104
10715400  3.847874
10719000  2.578335
10722600  0.64168113
10726200  -1.2283697
10729800  -2.7141163
10733400  -3.6763027
10737000  -3.9785624
10740600  -3.3040054
10744200  -1.6366193
10747800  0.5713378
10751400  2.6522923
10755000  3.9216766
10758600  4.0266843
10762200  3.0213873
10765800  1.1692864
10769400  -0.8065244
10773000  -2.473951
10776600  -3.6753056
10780200  -4.32323
10783800  -4.1220636
10787400  -2.880686
10791000  -0.8891915
10794600  1.2969025
10798200  2.980049
10801800  3.59805
10805400  3.0696726
10809000  1.6478637
10812600  -0.26046363
10816200  -1.9875675
10819800  -3.2678034
10823400  -3.9902592
10827000  -3.9812057
10830600  -2.978382
10834200  -1.1632527
10837800  1.0018729
10841400  2.8367448
10845000  3.7314045
10848600  3.4740865
10852200  2.2557182
10855800  0.39908946
10859400  -1.4125537
10863000  -2.858706
10866600  -3.8024702
10870200  -4.1233644
10873800  -3.5401359
10877400  -2.026633
10881000  0.009727933
10884600  1.9685136
10888200  3.190581
10891800  3.338015
10895400  2.4927456
10899000  0.88059247
10902600  -0.91328704
10906200  -2.4233692
10909800  -3.4408467
10913400  -3.8814306
10917000  -3.5421357
10920600  -2.2945619
10924200  -0.41274944
10927800  1.577163
10931400  3.0113518
10935000  3.4925566
10938600  2.951614
10942200  1.5613407
10945800  -0.17794882
10949400  -1.7325402
10953000  -2.8899689
10956600  -3.5698245
10960200  -3.5803208
10963800  -2.7137268
10967400  -1.1325357
10971000  0.75939775
10974600  2.355812
10978200  3.142962
10981800  2.962562
10985400  1.91992
10989000  0.3217324
10992600  -1.2234052
10996200  -2.427688
10999800  -3.201288
11003400  -3.4181733
11007000  -2.8816578
11010600  -1.6087539
11014200  0.12667306
11017800  1.7825979
11021400  2.8217986
11025000  2.9790196
11028600  2.2690876
11032200  0.90374756
11035800  -0.5752183
11039400  -1.811744
11043000  -2.6708953
11046600  -3.072688
11050200  -2.8431306
11053800  -1.9001448
11057400  -0.42174807
11061000  1.1696227
11064600  2.36121
11068200  2.8102422
11071800  2.447951
11075400  1.3955542
11079000  0.03672997
11082600  -1.2327458
11086200  -2.1901999
11089800  -2.7335927
11093400  -2.7193627
11097000  -2.074097
11100600  -0.9310137
11104200  0.5117392
11107800  1.7897352
11111400  2.451583
11115000  2.3184884
11118600  1.4496764
11122200  0.16847877
11125800  -1.0940576
11129400  -2.1077147
11133000  -2.7786078
11136600  -3.0120988
11140200  -2.714655
11143800  -1.8382065
11147400  -0.56175625
11151000  0.7195463
11154600  1.6271839
11158200  1.9114914
11161800  1.5087241
11165400  0.58750564
11169000  -0.49677348
11172600  -1.4291418
11176200  -2.0918794
11179800  -2.4190462
11183400  -2.3044696
11187000  -1.656287
11190600  -0.58691293
11194200  0.643612
11197800  1.6696552
11201400  2.1655521
11205000  2.0310905
11208600  1.3564991
11212200  0.38933805
11215800  -0.55214936
11219400  -1.3084639
11223000  -1.8301972
11226600  -2.0079148
11230200  -1.7542005
11233800  -1.0633821
11237400  -0.08062972
11241000  0.9042046
11244600  1.5656242
11248200  1.7066988
11251800  1.3045305
11255400  0.5029023
11259000  -0.41415396
11262600  -1.2045909
11266200  -1.7938014
11269800  -2.1408944
11273400  -2.15118
11277000  -1.7654439
11280600  -1.0345122
11284200  -0.11905614
11287800  0.71007127
11291400  1.198594
11295000  1.2214423
11298600  0.80224854
11302200  0.115470305
11305800  -0.60748065
11309400  -1.2071756
11313000  -1.6258057
11316600  -1.7956378
11320200  -1.6676095
11323800  -1.2254798
11327400  -0.45989576
11331000  0.37655902
11334600  0.99979573
11338200  1.2477778
11341800  1.0735606
11345400  0.48978052
11349000  -0.27010122
11352600  -0.9997281
11356200  -1.6224734
11359800  -2.059207
11363400  -2.220128
11367000  -2.04329
11370600  -1.5090079
11374200  -0.7223018
11377800  0.08988157
11381400  0.712858
11385000  0.97361636
11388600  0.8117933
11392200  0.2935339
11395800  -0.380501
11399400  -1.0281316
11403000  -1.560062
11406600  -1.9050419
11410200  -1.9754995
11413800  -1.697406
11417400  -1.0825368
11421000  -0.26517287
11424600  0.5216933
11428200  1.0487517
11431800  1.1618297
11435400  0.8258439
11439000  0.15725073
11442600  -0.61542743
11446200  -1.3404818
11449800  -1.927966
11453400  -2.277437
11457000  -2.2740352
11460600  -1.8654319
11464200  -1.1124868
11467800  -0.20318565
11471400  0.60455674
11475000  1.0756726
11478600  1.0793604
11482200  0.61765146
11485800  -0.13150986
11489400  -0.93370545
11493000  -1.6291554
11496600  -2.1107693
11500200  -2.2688327
11503800  -2.0121217
11507400  -1.3138374
11511000  -0.3249564
11514600  0.6675922
11518200  1.3837179
11521800  1.596096
11525400  1.2363422
11529000  0.42139822
11532600  -0.5686781
11536200  -1.4874403
11539800  -2.211842
11543400  -2.6441581
11547000  -2.65148
11550600  -2.1325006
11554200  -1.167407
11557800  -0.01343214
11561400  0.99330693
11565000  1.5552679
11568600  1.5221055
11572200  0.9042074
11575800  -0.08259844
11579400  -1.102287
11583000  -1.9353775
11586600  -2.4742146
11590200  -2.6069183
11593800  -2.2096477
11597400  -1.2989062
11601000  -0.08364983
11604600  1.0764016
11608200  1.818277
11611800  1.9198413
11615400  1.3541422
11619000  0.29319656
11622600  -0.9064458
11626200  -1.9559888
11629800  -2.716599
11633400  -3.087952
11637000  -2.9162877
11640600  -2.1199393
11644200  -0.864664
11647800  0.493645
11651400  1.536742
11655000  1.964115
11658600  1.6806389
11662200  0.76416695
11665800  -0.4665691
11669400  -1.61073
11673000  -2.4612567
11676600  -2.9199193
11680200  -2.8448994
11683800  -2.130654
11687400  -0.86944246
11691000  0.59718126
11694600  1.818106
11698200  2.427876
11701800  2.2504332
11705400  1.3438581
11709000  0.0059896735
11712600  -1.3141992
11716200  -2.3548691
11719800  -3.027308
11723400  -3.2019413
11727000  -2.7001994
11730600  -1.5428823
11734200  -0.02064774
11737800  1.3900254
11741400  2.2689195
11745000  2.3651912
11748600  1.6437353
11752200  0.34727424
11755800  -1.0446899
11759400  -2.1976225
11763000  -2.9692638
11766600  -3.2621424
11770200  -2.8771613
11773800  -1.7964438
11777400  -0.23294757
11781000  1.3467507
11784600  2.4279485
11788200  2.7024403
11791800  2.1053236
11795400  0.7993556
11799000  -0.7378163
11802600  -2.0648162
11806200  -3.0237477
11809800  -3.5173395
11813400  -3.3566644
11817000  -2.4228468
11820600  -0.8757634
11824200  0.8549201
11827800  2.2048202
11831400  2.765
11835000  2.4176455
11838600  1.2642101
11842200  -0.3095051
11845800  -1.766904
11849400  -2.8469567
11853000  -3.445517
11856600  -3.4239879
11860200  -2.6230717
11863800  -1.136211
11867400  0.6477997
11871000  2.1597428
11874600  2.9303963
11878200  2.735377
11881800  1.6733246
11885400  0.07925389
11889000  -1.479323
11892600  -2.7270565
11896200  -3.5267923
11899800  -3.7354527
11903400  -3.1389234
11907000  -1.7472908
11910600  0.08587555
11914200  1.8017786
11917800  2.846189
11921400  2.9258275
11925000  2.0839818
11928600  0.5524018
11932200  -1.0940953
11935800  -2.4484508
11939400  -3.3412604
11943000  -3.6807885
11946600  -3.2450402
11950200  -1.9573593
11953800  -0.12832086
11957400  1.7114341
11961000  2.9613264
11964600  3.2526224
11968200  2.5415363
11971800  1.0376159
11975400  -0.70244056
11979000  -2.2126045
11982600  -3.2905822
11986200  -3.8443844
11989800  -3.6665347
11993400  -2.5861304
11997000  -0.8230401
12000600  1.1366571
12004200  2.6652148
12007800  3.2781358
12011400  2.8619397
12015000  1.579703
12018600  -0.15829645
12022200  -1.751487
12025800  -2.9353416
12029400  -3.5973384
12033000  -3.5620475
12036600  -2.6154058
12040200  -0.9102515
12043800  1.0797714
12047400  2.7677276
12051000  3.640832
12054600  3.4543176
12058200  2.2812605
12061800  0.50320256
12065400  -1.2042793
12069000  -2.5595882
12072600  -3.4653778
12076200  -3.7778182
12079800  -3.2344587
12083400  -1.8195046
12087000  0.10653841
12090600  1.9445825
12094200  3.0889916
12097800  3.2093158
12101400  2.331191
12105000  0.712744
12108600  -1.0191805
12112200  -2.4589353
12115800  -3.4172463
12119400  -3.7971861
12123000  -3.3744571
12126600  -2.0627508
12130200  -0.16645743
12133800  1.792518
12137400  3.1699896
12141000  3.5654914
12144600  2.9283097
12148200  1.4416199
12151800  -0.32736385
12155400  -1.8776869
12159000  -2.997957
12162600  -3.597653
12166200  -3.4776402
12169800  -2.446364
12173400  -0.7163253
12177000  1.2520759
12180600  2.8502169
12184200  3.5942936
12187800  3.31833
12191400  2.1446073
12195000  0.45635143
12198600  -1.1454861
12202200  -2.3568926
12205800  -3.0660646
12209400  -3.140393
12213000  -2.3517902
12216600  -0.7857909
12220200  1.1418335
12223800  2.8598921
12227400  3.822928
12231000  3.7424967
12234600  2.7389803
12238200  1.082029
12241800  -0.6200488
12245400  -2.033687
12249000  -3.0191507
12252600  -3.4493027
12256200  -3.0614011
12259800  -1.8078935
12263400  -0.046407994
12267000  1.7820278
12270600  3.0444517
12274200  3.3769298
12277800  2.7051468
12281400  1.2608098
12285000  -0.37798578
12288600  -1.7783742
12292200  -2.779199
12295800  -3.2924924
12299400  -3.139485
12303000  -2.1671543
12306600  -0.54148203
12310200  1.3078272
12313800  2.771119
12317400  3.3918357
12321000  3.0430782
12324600  1.8518701
12328200  0.25360215
12331800  -1.2002494
12335400  -2.3047283
12339000  -2.9630146
12342600  -3.011486
12346200  -2.3267276
12349800  -0.9738568
12353400  0.7211045
12357000  2.289814
12360600  3.2150953
12364200  3.1880224
12367800  2.2604713
12371400  0.77511245
12375000  -0.7253013
12378600  -1.9582653
12382200  -2.8091383
12385800  -3.175683
12389400  -2.8560956
12393000  -1.7701331
12396600  -0.1689926
12400200  1.47779
12403800  2.6623318
12407400  3.0543737
12411000  2.58255
12414600  1.373448
12418200  -0.10390575
12421800  -1.4161799
12425400  -2.3944972
12429000  -2.9688756
12432600  -3.0009794
12436200  -2.3235106
12439800  -1.0376087
12443400  0.53712875
12447000  1.893141
12450600  2.603904
12454200  2.502131
12457800  1.6454637
12461400  0.32301557
12465000  -1.0056912
12468600  -2.0736241
12472200  -2.7931087
12475800  -3.0786831
12479400  -2.786761
12483000  -1.866981
12486600  -0.49407074
12490200  0.93187994
12493800  1.9426498
12497400  2.2588847
12501000  1.8414483
12504600  0.8144933
12508200  -0.4506101
12511800  -1.5709794
12515400  -2.4011066
12519000  -2.8777556
12522600  -2.865632
12526200  -2.240133
12529800  -1.0861834
12533400  0.3247352
12537000  1.5356406
12540600  2.200757
12544200  2.175977
12547800  1.4816818
12551400  0.35900208
12555000  -0.8034611
12558600  -1.7599462
12562200  -2.429512
12565800  -2.7280188
12569400  -2.5032215
12573000  -1.6723403
12576600  -0.4011176
12580200  0.9339002
12583800  1.9443848
12587400  2.3866787
12591000  2.1718173
12594600  1.3834364
12598200  0.31533855
12601800  -0.7090921
12605400  -1.5438428
12609000  -2.1123
12612600  -2.282893
12616200  -1.938966
12619800  -1.0772017
12623400  0.13154371
12627000  1.2732557
12630600  2.0233433
12634200  2.2151875
12637800  1.7842015
12641400  0.8538372
12645000  -0.2338879
12648600  -1.231093
12652200  -2.033623
12655800  -2.5609043
12659400  -2.659732
12663000  -2.2300587
12666600  -1.298685
12670200  -0.086434774
12673800  1.0123293
12677400  1.6698076
12681000  1.7356857
12684600  1.180785
12688200  0.19370183
12691800  -0.8782484
12695400  -1.8071638
12699000  -2.494847
12702600  -2.8350616
12706200  -2.6785073
12709800  -1.9553535
12713400  -0.76021266
12717000  0.56436175
12720600  1.6043067
12724200  2.083531
12727800  1.8801368
12731400  1.0415239
12735000  -0.15091799
12738600  -1.3380792
12742200  -2.3406417
12745800  -3.052476
12749400  -3.3346512
12753000  -3.0146205
12756600  -2.0470378
12760200  -0.6471018
12763800  0.7790567
12767400  1.8137355
12771000  2.1974862
12774600  1.8583077
12778200  0.8947716
12781800  -0.3509456
12785400  -1.5116862
12789000  -2.4035418
12792600  -2.946064
12796200  -2.9765918
12799800  -2.3264542
12803400  -1.0682642
12807000  0.47514352
12810600  1.8136123
12814200  2.5470397
12817800  2.5002048
12821400  1.6758245
12825000  0.32751808
12828600  -1.0832853
12832200  -2.283712
12835800  -3.163198
12839400  -3.5868785
12843000  -3.3247833
12846600  -2.272034
12850200  -0.69187164
12853800  0.958551
12857400  2.2054844
12861000  2.7001104
12864600  2.3269126
12868200  1.2056935
12871800  -0.2755394
12875400  -1.6557784
12879000  -2.713183
12882600  -3.348925
12886200  -3.3960829
12889800  -2.6318078
12893400  -1.1532744
12897000  0.62986803
12900600  2.1615937
12904200  2.977192
12907800  2.8692086
12911400  1.8863665
12915000  0.30970943
12918600  -1.2976558
12922200  -2.6487083
12925800  -3.6064253
12929400  -4.022281
12933000  -3.6468437
12936600  -2.3825321
12940200  -0.5555078
12943800  1.3060712
12947400  2.639608
12951000  3.0629606
12954600  2.5216227
12958200  1.1821841

