1800      -2.522216
5400      -2.5225139
9000      -1.9237498
12600     -0.89414483
16200     0.24066353
19800     1.2034996
23400     1.7187676
27000     1.7208664
30600     1.232819
34200     0.3596421
37800     -0.62288576
41400     -1.4282899
45000     -1.9982809
48600     -2.1591315
52200     -1.7712802
55800     -0.82911575
59400     0.41731054
63000     1.6614697
66600     2.5095499
70200     2.5677373
73800     1.9075673
77400     0.8581945
81000     -0.39387587
84600     -1.5273601
88200     -2.3985407
91800     -2.9191737
95400     -2.860847
99000     -2.1039762
102600    -0.8212004
106200    0.59559804
109800    1.7417624
113400    2.2614417
117000    2.1175282
120600    1.4206874
124200    0.32510036
127800    -0.8508289
131400    -1.7759176
135000    -2.445788
138600    -2.6305075
142200    -2.0868912
145800    -0.8472618
149400    0.6752184
153000    1.9712464
156600    2.6579607
160200    2.6106656
163800    1.9043225
167400    0.664218
171000    -0.7357581
174600    -1.8835351
178200    -2.776369
181800    -3.2018607
185400    -2.9118907
189000    -1.8020654
192600    -0.1604216
196200    1.4751307
199800    2.5867264
203400    2.883428
207000    2.4137025
210600    1.3308336
214200    -0.14914462
217800    -1.4683955
221400    -2.4949539
225000    -3.1738877
228600    -3.136783
232200    -2.2303333
235800    -0.59836906
239400    1.2091892
243000    2.5945754
246600    3.1392202
250200    2.8075871
253800    1.7884969
257400    0.24014199
261000    -1.2827343
264600    -2.487043
268200    -3.4046226
271800    -3.6813893
275400    -3.0323699
279000    -1.46956
282600    0.5115147
286200    2.2755146
289800    3.240931
293400    3.2364733
297000    2.5016325
300600    1.1636432
304200    -0.37882772
307800    -1.6318036
311400    -2.5915906
315000    -3.060391
318600    -2.61233
322200    -1.2306132
325800    0.670755
329400    2.540894
333000    3.685655
336600    3.8955026
340200    3.205729
343800    1.7492851
347400    -0.0054709003
351000    -1.5665236
354600    -2.8749418
358200    -3.7032602
361800    -3.7390149
365400    -2.7352886
369000    -0.81382006
372600    1.3499619
376200    3.0392787
379800    3.6623292
383400    3.2408688
387000    2.078857
390600    0.32503176
394200    -1.3947345
397800    -2.7434442
401400    -3.797363
405000    -4.133472
408600    -3.3703
412200    -1.5598153
415800    0.70793766
419400    2.695153
423000    3.7430687
426600    3.658766
430200    2.7213314
433800    1.0779881
437400    -0.85383105
441000    -2.337248
444600    -3.54233
448200    -4.2159615
451800    -3.861762
455400    -2.39825
459000    -0.18388277
462600    2.0315897
466200    3.4881506
469800    3.787688
473400    3.1460054
477000    1.8100293
480600    -0.11879008
484200    -1.7445166
487800    -3.0254948
491400    -3.943827
495000    -3.9585922
498600    -2.817116
502200    -0.7440482
505800    1.5670006
509400    3.3009212
513000    3.8910136
516600    3.420308
520200    2.222088
523800    0.3198794
527400    -1.453729
531000    -2.814116
534600    -3.8896835
538200    -4.1691623
541800    -3.3000767
545400    -1.3608915
549000    1.0131787
552600    3.0327194
556200    4.049922
559800    3.931316
563400    2.9577997
567000    1.2304603
570600    -0.7071533
574200    -2.2001636
577800    -3.3974462
581400    -4.054149
585000    -3.7394087
588600    -2.2627847
592200    -0.010616838
595800    2.2426496
599400    3.6989632
603000    3.9442806
606600    3.2173402
610200    1.8023857
613800    -0.16653249
617400    -1.8040254
621000    -3.1249046
624600    -4.056739
628200    -4.059612
631800    -2.9132197
635400    -0.8378457
639000    1.4814551
642600    3.2647517
646200    3.915453
649800    3.5083718
653400    2.36042
657000    0.505569
660600    -1.2600566
664200    -2.6180289
667800    -3.722178
671400    -4.085045
675000    -3.3358903
678600    -1.5452029
682200    0.72612864
685800    2.7282758
689400    3.76293
693000    3.6757457
696600    2.7882369
700200    1.2076534
703800    -0.65362126
707400    -2.108724
711000    -3.3116639
714600    -3.994482
718200    -3.6566994
721800    -2.2327302
725400    -0.079327546
729000    2.0592594
732600    3.4922373
736200    3.8432531
739800    3.277123
743400    2.0007863
747000    0.15692806
750600    -1.4129993
754200    -2.6905725
757800    -3.6139503
761400    -3.7423155
765000    -2.8505714
768600    -1.0298005
772200    1.0559909
775800    2.7390597
779400    3.4880667
783000    3.2611964
786600    2.3089845
790200    0.71618736
793800    -0.9188806
797400    -2.2014349
801000    -3.2510135
804600    -3.6887558
808200    -3.1843858
811800    -1.7088344
815400    0.32739696
819000    2.2114322
822600    3.3403885
826200    3.453566
829800    2.7631795
833400    1.435978
837000    -0.2750186
840600    -1.6908041
844200    -2.861354
847800    -3.6436722
851400    -3.6354454
855000    -2.6998463
858600    -0.9705391
862200    0.93642765
865800    2.409393
869400    3.0221355
873000    2.7752345
876600    1.8781068
880200    0.43655214
883800    -1.0160382
887400    -2.1593468
891000    -3.0429301
894600    -3.3324957
898200    -2.7512977
901800    -1.3306516
905400    0.4888594
909000    2.086755
912600    3.0075438
916200    3.0731733
919800    2.4237614
923400    1.1744311
927000    -0.34919852
930600    -1.6304767
934200    -2.707021
937800    -3.384094
941400    -3.3285406
945000    -2.4377954
948600    -0.8748181
952200    0.8099315
955800    2.099571
959400    2.6111393
963000    2.3610325
966600    1.5376661
970200    0.22038803
973800    -1.0949738
977400    -2.1442516
981000    -2.9485683
984600    -3.2076797
988200    -2.6995366
991800    -1.4429998
995400    0.16279706
999000    1.6250794
1002600   2.5090349
1006200   2.6253116
1009800   2.089001
1013400   1.002923
1017000   -0.38650322
1020600   -1.5981224
1024200   -2.6234255
1027800   -3.3220007
1031400   -3.3705988
1035000   -2.639337
1038600   -1.276275
1042200   0.28769827
1045800   1.5761329
1049400   2.26675
1053000   2.285595
1056600   1.7345206
1060200   0.7109418
1063800   -0.4625766
1067400   -1.4760214
1071000   -2.286679
1074600   -2.6571977
1078200   -2.3757608
1081800   -1.3636923
1085400   0.06295501
1089000   1.4360796
1092600   2.3396375
1096200   2.5616925
1099800   2.1407492
1103400   1.1938955
1107000   -0.08575315
1110600   -1.3073772
1114200   -2.3476374
1117800   -3.1104033
1121400   -3.3474665
1125000   -2.8822813
1128600   -1.703274
1132200   -0.20210044
1135800   1.1867875
1139400   2.0525749
1143000   2.1992474
1146600   1.7534286
1150200   0.83590543
1153800   -0.37248808
1157400   -1.4609326
1161000   -2.3105
1164600   -2.8297768
1168200   -2.7324684
1171800   -1.9139664
1175400   -0.5458622
1179000   0.90603745
1182600   2.0266097
1186200   2.5089197
1189800   2.2828536
1193400   1.4665611
1197000   0.21229722
1200600   -1.0962454
1204200   -2.2240942
1207800   -3.1416225
1211400   -3.5663037
1215000   -3.2419052
1218600   -2.153271
1222200   -0.6075658
1225800   0.92261934
1229400   1.9881749
1233000   2.2934215
1236600   1.927871
1240200   1.0212141
1243800   -0.27812082
1247400   -1.4677068
1251000   -2.3955524
1254600   -3.0408738
1258200   -3.044898
1261800   -2.243608
1265400   -0.80770236
1269000   0.8411726
1272600   2.1842875
1276200   2.8739407
1279800   2.8065996
1283400   2.0774417
1287000   0.79250747
1290600   -0.6314424
1294200   -1.8249121
1297800   -2.7670257
1301400   -3.2296598
1305000   -2.9671855
1308600   -1.9023335
1312200   -0.34236437
1315800   1.2521285
1319400   2.3765504
1323000   2.7032056
1326600   2.246162
1330200   1.1763859
1333800   -0.23567615
1337400   -1.528104
1341000   -2.6116173
1344600   -3.3761747
1348200   -3.503317
1351800   -2.784737
1355400   -1.3007237
1359000   0.47856715
1362600   1.951221
1366200   2.6761923
1369800   2.5021954
1373400   1.6086537
1377000   0.18206695
1380600   -1.4087483
1384200   -2.6796014
1387800   -3.6732163
1391400   -4.1565375
1395000   -3.7366173
1398600   -2.3982768
1402200   -0.49789304
1405800   1.3475372
1409400   2.5646007
1413000   2.8308828
1416600   2.2795594
1420200   1.1160469
1423800   -0.53035176
1427400   -1.9437335
1431000   -3.035262
1434600   -3.7960284
1438200   -3.7699633
1441800   -2.794435
1445400   -1.0473504
1449000   0.92172545
1452600   2.43261
1456200   3.0317304
1459800   2.6966202
1463400   1.6648533
1467000   0.05919476
1470600   -1.5547526
1474200   -2.8115222
1477800   -3.8039484
1481400   -4.1497865
1485000   -3.5323205
1488600   -1.9855986
1492200   0.049342055
1495800   1.877537
1499400   2.9182954
1503000   2.943379
1506600   2.1869364
1510200   0.82215285
1513800   -0.9012231
1517400   -2.26773
1521000   -3.3457627
1524600   -3.97673
1528200   -3.6902587
1531800   -2.4080389
1535400   -0.42957073
1539000   1.5785835
1542600   2.927796
1546200   3.226213
1549800   2.6366765
1553400   1.4021498
1557000   -0.3694532
1560600   -1.9105753
1564200   -3.1259928
1567800   -4.0263286
1571400   -4.127846
1575000   -3.215352
1578600   -1.4234941
1582200   0.67906106
1585800   2.3777678
1589400   3.124735
1593000   2.8680334
1596600   1.8953046
1600200   0.3050707
1603800   -1.3989822
1607400   -2.6867416
1611000   -3.6964378
1614600   -4.0832396
1618200   -3.454087
1621800   -1.8600881
1625400   0.23955016
1629000   2.1375716
1632600   3.1863163
1636200   3.191537
1639800   2.4042685
1643400   0.9922491
1647000   -0.78187674
1650600   -2.1847181
1654200   -3.3015335
1657800   -3.938538
1661400   -3.6446652
1665000   -2.3418727
1668600   -0.3476555
1672200   1.6731757
1675800   3.0223405
1679400   3.3364823
1683000   2.767699
1686600   1.544686
1690200   -0.23134519
1693800   -1.7599077
1697400   -2.9459162
1701000   -3.8086448
1704600   -3.8881845
1708200   -2.9635992
1711800   -1.1695242
1715400   0.89584005
1719000   2.5026803
1722600   3.1563368
1726200   2.8396451
1729800   1.854422
1733400   0.29277536
1737000   -1.2981135
1740600   -2.5099523
1744200   -3.473882
1747800   -3.8106878
1751400   -3.1540818
1755000   -1.5784765
1758600   0.4328314
1762200   2.1702638
1765800   3.0436456
1769400   2.9341254
1773000   2.0738482
1776600   0.62144727
1780200   -1.0964252
1783800   -2.4235811
1787400   -3.488195
1791000   -4.084046
1794600   -3.7576215
1798200   -2.4608319
1801800   -0.5346794
1805400   1.3699464
1809000   2.6377258
1812600   2.923857
1816200   2.408283
1819800   1.2919737
1823400   -0.30360907
1827000   -1.6324129
1830600   -2.6187098
1834200   -3.2259123
1837800   -3.0393758
1841400   -1.9069738
1845000   -0.24227904
1848600   1.4902775
1852200   2.7968087
1855800   3.217377
1859400   2.893742
1863000   1.8784314
1866600   0.32626897
1870200   -1.2214156
1873800   -2.4890785
1877400   -3.3793194
1881000   -3.651116
1884600   -3.1530426
1888200   -1.8480608
1891800   -0.114523016
1895400   1.4672376
1899000   2.358189
1902600   2.282869
1906200   1.4877884
1909800   0.20692499
1913400   -1.2839266
1917000   -2.4287257
1920600   -3.2314827
1924200   -3.6298075
1927800   -3.1882043
1931400   -1.8716893
1935000   -0.10441762
1938600   1.5192976
1942200   2.4474356
1945800   2.5053864
1949400   1.8727863
1953000   0.7166442
1956600   -0.8138965
1960200   -2.0860426
1963800   -3.0797148
1967400   -3.7085638
1971000   -3.5454016
1974600   -2.5306222
1978200   -0.923674
1981800   0.763828
1985400   1.9456531
1989000   2.3009279
1992600   1.9059061
1996200   0.994246
1999800   -0.3688787
2003400   -1.6201044
2007000   -2.5262022
2010600   -3.1532447
2014200   -3.128448
2017800   -2.3197503
2021400   -0.8972984
2025000   0.7123799
2028600   1.9533315
2032200   2.477935
2035800   2.2529464
2039400   1.4453905
2043000   0.16208273
2046600   -1.1667098
2050200   -2.2063653
2053800   -3.0072665
2057400   -3.2746289
2061000   -2.82031
2064600   -1.6631056
2068200   -0.16931783
2071800   1.1830648
2075400   1.9444124
2079000   1.96911
2082600   1.4035246
2086200   0.39537135
2089800   -0.8392542
2093400   -1.832601
2097000   -2.5689194
2100600   -2.9180017
2104200   -2.5999918
2107800   -1.6056062
2111400   -0.21460809
2115000   1.1426063
2118600   2.0206292
2122200   2.2218075
2125800   1.7905868
2129400   0.876785
2133000   -0.3620143
2136600   -1.4733788
2140200   -2.3527472
2143800   -2.9398253
2147400   -2.965628
2151000   -2.357722
2154600   -1.2044384
2158200   0.121629186
2161800   1.1726775
2165400   1.6585864
2169000   1.519487
2172600   0.887748
2176200   -0.11649992
2179800   -1.1695892
2183400   -1.9763857
2187000   -2.535859
2190600   -2.6499543
2194200   -2.1785228
2197800   -1.1617608
2201400   0.10783566
2205000   1.210575
2208600   1.8248196
2212200   1.8405886
2215800   1.3176353
2219400   0.384992
2223000   -0.7255022
2226600   -1.676455
2230200   -2.4247868
2233800   -2.8416483
2237400   -2.734899
2241000   -2.0536342
2244600   -0.94605416
2248200   0.21694797
2251800   1.0779418
2255400   1.4040958
2259000   1.2019001
2262600   0.5831928
2266200   -0.33637565
2269800   -1.2316331
2273400   -1.9115928
2277000   -2.3596408
2280600   -2.390547
2284200   -1.8921642
2287800   -0.9514025
2291400   0.1621844
2295000   1.0751462
2298600   1.5408404
2302200   1.497637
2305800   0.9985699
2309400   0.122582
2313000   -0.888987
2316600   -1.7424084
2320200   -2.3943858
2323800   -2.7165883
2327400   -2.571132
2331000   -1.9244424
2334600   -0.9076828
2338200   0.15242496
2341800   0.92004675
2345400   1.2154623
2349000   1.0505253
2352600   0.50599146
2356200   -0.32157487
2359800   -1.1598685
2363400   -1.8091519
2367000   -2.2327595
2370600   -2.2590356
2374200   -1.809727
2377800   -0.946671
2381400   0.09014497
2385000   0.9651707
2388600   1.4414653
2392200   1.445523
2395800   0.9906116
2399400   0.17221838
2403000   -0.7778362
2406600   -1.6113589
2410200   -2.2882586
2413800   -2.649349
2417400   -2.5490756
2421000   -1.9549099
2424600   -0.9883782
2428200   0.06889303
2431800   0.8846504
2435400   1.269439
2439000   1.1836637
2442600   0.677065
2446200   -0.12472488
2449800   -0.97528625
2453400   -1.6725626
2457000   -2.1766815
2460600   -2.325143
2464200   -1.9837275
2467800   -1.1650704
2471400   -0.12062589
2475000   0.8256793
2478600   1.4323382
2482200   1.5398933
2485800   1.1373886
2489400   0.3346821
2493000   -0.6750042
2496600   -1.608954
2500200   -2.3555028
2503800   -2.815451
2507400   -2.8294246
2511000   -2.257074
2514600   -1.2113413
2518200   -0.026659112
2521800   0.98039883
2525400   1.5218251
2529000   1.5062304
2532600   1.0207272
2536200   0.187667
2539800   -0.83099276
2543400   -1.6738238
2547000   -2.3151348
2550600   -2.6204364
2554200   -2.33726
2557800   -1.4138019
2561400   -0.2479345
2565000   0.8720959
2568600   1.6141047
2572200   1.7724581
2575800   1.3870014
2579400   0.5536181
2583000   -0.6105228
2586600   -1.6706587
2590200   -2.5331268
2593800   -3.1350276
2597400   -3.124153
2601000   -2.4518461
2604600   -1.290795
2608200   0.10301505
2611800   1.345611
2615400   2.0760312
2619000   2.1373665
2622600   1.6507466
2626200   0.6392763
2629800   -0.59837586
2633400   -1.7102916
2637000   -2.5227604
2640600   -2.7662222
2644200   -2.2858427
2647800   -1.2985462
2651400   -0.027593689
2655000   1.1931424
2658600   2.0120833
2662200   2.241091
2665800   1.7830311
2669400   0.70915186
2673000   -0.61323106
2676600   -1.8341589
2680200   -2.8342175
2683800   -3.4356282
2687400   -3.4773576
2691000   -2.750163
2694600   -1.3283197
2698200   0.33239886
2701800   1.6959381
2705400   2.355388
2709000   2.2148888
2712600   1.4048198
2716200   0.11530891
2719800   -1.285664
2723400   -2.3521028
2727000   -3.1399279
2730600   -3.4400046
2734200   -2.921729
2737800   -1.6007314
2741400   0.09708797
2745000   1.6446472
2748600   2.5838575
2752200   2.6522996
2755800   1.9528718
2759400   0.68443763
2763000   -0.8917641
2766600   -2.2034233
2770200   -3.241477
2773800   -3.8684034
2777400   -3.7184548
2781000   -2.6717234
2784600   -0.9437766
2788200   0.92274016
2791800   2.3269858
2795400   2.832595
2799000   2.4549482
2802600   1.4372845
2806200   -0.117927976
2809800   -1.6362134
2813400   -2.786307
2817000   -3.646062
2820600   -3.8485818
2824200   -3.1289034
2827800   -1.5528854
2831400   0.39574808
2835000   2.0752063
2838600   2.9314356
2842200   2.7874022
2845800   1.8922024
2849400   0.410625
2853000   -1.2965899
2856600   -2.63229
2860200   -3.6855156
2863800   -4.2292614
2867400   -3.8217034
2871000   -2.4222043
2874600   -0.40091202
2878200   1.5929669
2881800   2.9018352
2885400   3.1550217
2889000   2.536007
2892600   1.2666167
2896200   -0.53280556
2899800   -2.0727627
2903400   -3.2702053
2907000   -4.115974
2910600   -4.1100426
2914200   -3.0494013
2917800   -1.122112
2921400   1.0448359
2925000   2.6992853
2928600   3.301871
2932200   2.8987958
2935800   1.7883123
2939400   0.051572468
2943000   -1.6801869
2946600   -2.985262
2950200   -4.025982
2953800   -4.370989
2957400   -3.6478734
2961000   -1.9038907
2964600   0.35165462
2968200   2.354329
2971800   3.4248583
2975400   3.3648067
2979000   2.468937
2982600   0.9141599
2986200   -0.99478257
2989800   -2.4725215
2993400   -3.6703944
2997000   -4.3901625
3000600   -4.1144147
3004200   -2.7310708
3007800   -0.55292183
3011400   1.6902348
3015000   3.1932592
3018600   3.5250316
3022200   2.9048085
3025800   1.6018729
3029400   -0.3030203
3033000   -1.9599048
3036600   -3.2605982
3040200   -4.2223144
3043800   -4.3076963
3047400   -3.2816405
3051000   -1.2746218
3054600   1.0619152
3058200   2.9119873
3061800   3.6517408
3065400   3.2950299
3069000   2.164468
3072600   0.36836797
3076200   -1.5091156
3079800   -2.944717
3083400   -4.110048
3087000   -4.624336
3090600   -4.0459223
3094200   -2.3451462
3097800   -0.015689427
3101400   2.123512
3105000   3.367841
3108600   3.4240115
3112200   2.6005573
3115800   1.1519821
3119400   -0.7593789
3123000   -2.2344868
3126600   -3.392372
3130200   -4.124288
3133800   -3.8830557
3137400   -2.4688184
3141000   -0.2247022
3144600   2.1401565
3148200   3.8587375
3151800   4.475567
3155400   3.954052
3159000   2.3978903
3162600   0.35929957
3166200   -1.4977807
3169800   -2.952044
3173400   -4.017089
3177000   -4.3544817
3180600   -3.6713793
3184200   -1.8931869
3187800   0.32449582
3191400   2.2742257
3195000   3.261124
3198600   3.0896485
3202200   2.1182513
3205800   0.5557671
3209400   -1.2500978
3213000   -2.6609333
3216600   -3.7713706
3220200   -4.310212
3223800   -3.773591
3227400   -2.143025
3231000   0.10460712
3234600   2.2408135
3238200   3.5255177
3241800   3.656552
3245400   2.873291
3249000   1.4346193
3252600   -0.526604
3256200   -2.11615
3259800   -3.4172423
3263400   -4.3480363
3267000   -4.3522234
3270600   -3.2380161
3274200   -1.2346947
3277800   0.9996863
3281400   2.7052054
3285000   3.3452375
3288600   2.989813
3292200   1.9427879
3295800   0.24496512
3299400   -1.4605535
3303000   -2.7189221
3306600   -3.7158587
3310200   -4.007674
3313800   -3.2273028
3317400   -1.5127637
3321000   0.6360675
3324600   2.476816
3328200   3.4366627
3331800   3.3854887
3335400   2.534842
3339000   1.0184754
3342600   -0.7615152
3346200   -2.1779354
3349800   -3.3736427
3353400   -4.0945063
3357000   -3.92673
3360600   -2.7361379
3364200   -0.7691514
3367800   1.2483058
3371400   2.6664252
3375000   3.0912805
3378600   2.6541836
3382200   1.5747876
3385800   -0.05409198
3389400   -1.52578
3393000   -2.6441154
3396600   -3.4699707
3400200   -3.57631
3403800   -2.7300305
3407400   -1.0490369
3411000   0.9304059
3414600   2.5222118
3418200   3.2786176
3421800   3.1330647
3425400   2.2900612
3429000   0.82638216
3432600   -0.7843335
3436200   -2.1012468
3439800   -3.211189
3443400   -3.7965636
3447000   -3.5354106
3450600   -2.3527672
3454200   -0.55227035
3457800   1.2262926
3461400   2.4406266
3465000   2.7709541
3468600   2.3131926
3472200   1.2801993
3475800   -0.20281933
3479400   -1.5123104
3483000   -2.5359585
3486600   -3.2608616
3490200   -3.2857463
3493800   -2.463075
3497400   -0.90631723
3501000   0.8790251
3504600   2.256322
3508200   2.8935587
3511800   2.7499535
3515400   1.932748
3519000   0.5637462
3522600   -0.8936298
3526200   -2.0947027
3529800   -3.0852377
3533400   -3.5776596
3537000   -3.3274775
3540600   -2.2564025
3544200   -0.641818
3547800   0.97649103
3551400   2.0935905
3555000   2.4272087
3558600   2.084858
3562200   1.1810625
3565800   -0.120346606
3569400   -1.3179339
3573000   -2.244883
3576600   -2.8826296
3580200   -2.911833
3583800   -2.1836517
3587400   -0.7911687
3591000   0.8239804
3594600   2.0833309
3598200   2.6895173
3601800   2.5958545
3605400   1.8806753
3609000   0.6462196
3612600   -0.70255804
3616200   -1.8553934
3619800   -2.8103964
3623400   -3.3190978
3627000   -3.1522715
3630600   -2.2340002
3634200   -0.7720104
3637800   0.74894243
3641400   1.8700951
3645000   2.296038
3648600   2.0620492
3652200   1.2774282
3655800   0.0985509
3659400   -1.0595075
3663000   -1.9813659
3666600   -2.6537185
3670200   -2.789743
3673800   -2.2415268
3677400   -1.0307462
3681000   0.4412234
3684600   1.7163353
3688200   2.4309154
3691800   2.4681518
3695400   1.9068526
3699000   0.8348827
3702600   -0.4574672
3706200   -1.5787096
3709800   -2.5168817
3713400   -3.0794213
3717000   -3.0090578
3720600   -2.2091782
3724200   -0.81929904
3727800   0.6873748
3731400   1.8797257
3735000   2.416486
3738600   2.29349
3742200   1.6194025
3745800   0.5137101
3749400   -0.6638776
3753000   -1.6396128
3756600   -2.3823054
3760200   -2.6634324
3763800   -2.2800922
3767400   -1.19587
3771000   0.24353583
3774600   1.5873358
3778200   2.4252474
3781800   2.566069
3785400   2.0618446
3789000   1.0150616
3792600   -0.3084903
3796200   -1.5065635
3799800   -2.4820063
3803400   -3.1055484
3807000   -3.1253726
3810600   -2.3973176
3814200   -1.0363319
3817800   0.54537535
3821400   1.8637009
3825000   2.5235798
3828600   2.4810119
3832200   1.8373517
3835800   0.7102127
3839400   -0.5464498
3843000   -1.5823458
3846600   -2.405326
3850200   -2.776238
3853800   -2.463601
3857400   -1.3928244
3861000   0.11490447
3864600   1.5739108
3868200   2.520518
3871800   2.7262862
3875400   2.2570028
3879000   1.2334329
3882600   -0.14543086
3886200   -1.4152101
3889800   -2.443769
3893400   -3.145672
3897000   -3.2445178
3900600   -2.580371
3904200   -1.2089009
3907800   0.4217402
3911400   1.8108562
3915000   2.5144255
3918600   2.4304678
3922200   1.7355828
3925800   0.56897104
3929400   -0.70894825
3933000   -1.7354537
3936600   -2.522082
3940200   -2.8206482
3943800   -2.353776
3947400   -1.1095564
3951000   0.5896279
3954600   2.246491
3958200   3.3059027
3961800   3.4348063
3965400   2.746542
3969000   1.4854963
3972600   -0.07328317
3976200   -1.4166304
3979800   -2.4603872
3983400   -3.1801827
3987000   -3.2732112
3990600   -2.5156717
3994200   -1.0014359
3997800   0.7272564
4001400   2.099531
4005000   2.7268312
4008600   2.5675683
4012200   1.7598807
4015800   0.4097327
4019400   -1.0099101
4023000   -2.085266
4026600   -2.8650575
4030200   -3.0830164
4033800   -2.4840486
4037400   -1.0693649
4041000   0.6209699
4044600   2.093088
4048200   2.8898637
4051800   2.9541962
4055400   2.293275
4059000   1.0520781
4062600   -0.45426732
4066200   -1.6982094
4069800   -2.7078264
4073400   -3.2382307
4077000   -2.94297
4080600   -1.7402556
4084200   0.09522987
4087800   1.9281943
4091400   3.0722961
4095000   3.2951846
4098600   2.8460882
4102200   1.7028682
4105800   0.06290741
4109400   -1.4171351
4113000   -2.6077256
4116600   -3.448214
4120200   -3.5628297
4123800   -2.8237598
4127400   -1.2446941
4131000   0.64811134
4134600   2.1997538
4138200   2.9112308
4141800   2.7349358
4145400   1.8694385
4149000   0.4596656
4152600   -1.0727996
4156200   -2.2665923
4159800   -3.193336
4163400   -3.551568
4167000   -3.0156434
4170600   -1.5973808
4174200   0.2668382
4177800   1.9582036
4181400   2.9247456
4185000   2.9712782
4188600   2.263904
4192200   0.96145743
4195800   -0.6381122
4199400   -1.9537935
4203000   -3.0060618
4206600   -3.615241
4210200   -3.3836977
4213800   -2.2320685
4217400   -0.42216486
4221000   1.4200878
4224600   2.6862152
4228200   3.025297
4231800   2.5523703
4235400   1.475741
4239000   -0.06466147
4242600   -1.4331546
4246200   -2.4740736
4249800   -3.163636
4253400   -3.0701222
4257000   -2.0538397
4260600   -0.3147357
4264200   1.5698093
4267800   2.986725
4271400   3.5382304
4275000   3.2310295
4278600   2.2399068
4282200   0.6610474
4285800   -0.8790344
4289400   -2.1307032
4293000   -3.1059382
4296600   -3.4407442
4300200   -2.825834
4303800   -1.1641486
4307400   0.74901086
4311000   2.5717428
4314600   3.3673565
4318200   3.297659
4321800   2.5340123
4325400   1.226665
4329000   -0.2581244
4332600   -1.4140453
4336200   -2.2839713
4339800   -2.7292984
4343400   -2.4136145
4347000   -1.2202711
4350600   0.46488
4354200   2.1260328
4357800   3.1821709
4361400   3.3667593
4365000   2.727944
4368600   1.474642
4372200   -0.15844032
4375800   -1.6059965
4379400   -2.7739792
4383000   -3.5132039
4386600   -3.464445
4390200   -2.5118265
4393800   -0.80687267
4397400   1.0139974
4401000   2.3630133
4404600   2.8484192
4408200   2.489084
4411800   1.5677104
4415400   0.21028772
4419000   -1.1136454
4422600   -2.142777
4426200   -2.775754
4429800   -2.7189858
4433400   -1.7035197
4437000   -0.21682207
4440600   1.4461982
4444200   2.6589396
4447800   3.1897714
4451400   2.9759016
4455000   2.2119608
4458600   0.77920926
4462200   -0.73612225
4465800   -2.0744176
4469400   -3.1695714
4473000   -3.5361042
4476600   -3.0705404
4480200   -1.7254667
4483800   0.1202534
4487400   1.7878456
4491000   2.7491446
4494600   2.7415705
4498200   2.0288422
4501800   0.8344579
4505400   -0.59346735
4509000   -1.7293234
4512600   -2.5934944
4516200   -3.0754778
4519800   -2.6547456
4523400   -1.4180441
4527000   0.26849186
4530600   1.8359752
4534200   2.8935096
4537800   3.181848
4541400   2.7540128
4545000   1.6508404
4548600   0.18263952
4552200   -1.1203388
4555800   -2.1233149
4559400   -2.7838793
4563000   -2.7622178
4566600   -2.0285301
4570200   -0.57686126
4573800   1.0341687
4577400   2.2430646
4581000   2.7276084
4584600   2.4302373
4588200   1.5315762
4591800   0.18559057
4595400   -1.0872567
4599000   -2.0186431
4602600   -2.6173384
4606200   -2.6649718
4609800   -1.9275724
4613400   -0.6326655
4617000   0.97370964
4620600   2.289119
4624200   2.9663165
4627800   2.898699
4631400   2.1288536
4635000   0.87111133
4638600   -0.46031892
4642200   -1.5856357
4645800   -2.4883578
4649400   -2.981887
4653000   -2.7839155
4656600   -1.7800419
4660200   -0.2610118
4663800   1.2163575
4667400   2.1812062
4671000   2.410371
4674600   1.9390254
4678200   0.9618828
4681800   -0.3282953
4685400   -1.4424447
4689000   -2.291609
4692600   -2.8100264
4696200   -2.64583
4699800   -1.6903712
4703400   -0.12865384
4707000   1.5303233
4710600   2.7283397
4714200   3.2906682
4717800   3.0533864
4721400   2.2077308
4725000   0.9298104
4728600   -0.33396503
4732200   -1.4248317
4735800   -2.222207
4739400   -2.4445176
4743000   -1.9519078
4746600   -0.74246645
4750200   0.6807861
4753800   1.9692925
4757400   2.8261065
4761000   2.9682224
4764600   2.408609
4768200   1.3946656
4771800   0.28377402
4775400   -0.7233449
4779000   -1.54214
4782600   -1.94941
4786200   -1.5922968
4789800   -0.5819599
4793400   0.6594372
4797000   1.9008831
4800600   2.7493637
4804200   2.9942281
4807800   2.6154888
4811400   1.7465794
4815000   0.6106855
4818600   -0.50302327
4822200   -1.4137052
4825800   -1.9902042
4829400   -2.0901723
4833000   -1.5630982
4836600   -0.46305996
4840200   0.79526347
4843800   1.8496183
4847400   2.3924859
4851000   2.3518276
4854600   1.7258433
4858200   0.695728
4861800   -0.41050985
4865400   -1.3021274
4869000   -1.9638314
4872600   -2.1871016
4876200   -1.796032
4879800   -0.8001732
4883400   0.46957424
4887000   1.6291832
4890600   2.3171942
4894200   2.4436958
4897800   1.9988593
4901400   1.0825634
4905000   -0.060296237
4908600   -1.0939672
4912200   -1.9556319
4915800   -2.4877555
4919400   -2.4758637
4923000   -1.8216637
4926600   -0.658218
4930200   0.6394214
4933800   1.6751922
4937400   2.1602936
4941000   2.0777214
4944600   1.4952567
4948200   0.5266975
4951800   -0.48949438
4955400   -1.3395963
4959000   -1.9828671
4962600   -2.1989048
4966200   -1.841496
4969800   -0.9347959
4973400   0.25212228
4977000   1.3363558
4980600   2.0293388
4984200   2.1611826
4987800   1.763523
4991400   0.91583955
4995000   -0.1335363
4998600   -1.1137738
5002200   -1.9088641
5005800   -2.3484375
5009400   -2.1934052
5013000   -1.4131691
5016600   -0.19556673
5020200   1.0874447
5023800   2.0720031
5027400   2.6174617
5031000   2.798509
5034600   2.4561212
5038200   1.6510233
5041800   0.7339793
5045400   -0.07813274
5049000   -0.79284185
5052600   -1.2138631
5056200   -1.1087656
5059800   -0.38853788
5063400   0.7323886
5067000   1.7308037
5070600   2.4728477
5074200   2.6917164
5077800   2.2976725
5081400   1.4118607
5085000   0.2653107
5088600   -0.82571274
5092200   -1.7692769
5095800   -2.4080582
5099400   -2.5747695
5103000   -2.1461296
5106600   -1.1609688
5110200   0.112453386
5113800   1.3065088
5117400   2.1044397
5121000   2.2909675
5124600   1.8894083
5128200   1.0178678
5131800   -0.098959744
5135400   -1.1116095
5139000   -1.9138056
5142600   -2.3965554
5146200   -2.3027968
5149800   -1.5102029
5153400   -0.23414373
5157000   1.1124026
5160600   2.117071
5164200   2.5127454
5167800   2.2885885
5171400   1.5117719
5175000   0.32050762
5178600   -0.90359515
5182200   -1.9321256
5185800   -2.7168746
5189400   -2.9866369
5193000   -2.5421178
5196600   -1.4180813
5200200   0.05735193
5203800   1.4478831
5207400   2.350305
5211000   2.5203085
5214600   2.0011475
5218200   0.95542306
5221800   -0.3821438
5225400   -1.5566235
5229000   -2.4967885
5232600   -3.0883143
5236200   -3.0164146
5239800   -2.1449177
5243400   -0.65751
5247000   0.9336525
5250600   2.1816604
5254200   2.7055283
5257800   2.5065958
5261400   1.7122936
5265000   0.46474814
5268600   -0.8172227
5272200   -1.8738368
5275800   -2.6943934
5279400   -2.9287703
5283000   -2.360439
5286600   -1.0104281
5290200   0.6909198
5293800   2.2433305
5297400   3.2138839
5301000   3.3853688
5304600   2.826744
5308200   1.5954828
5311800   0.08476332
5315400   -1.3071456
5319000   -2.447272
5322600   -3.2334626
5326200   -3.2854953
5329800   -2.35169
5333400   -0.6839177
5337000   1.1270051
5340600   2.5052726
5344200   2.9983397
5347800   2.6715133
5351400   1.6864305
5355000   0.17578568
5358600   -1.3153505
5362200   -2.4611645
5365800   -3.3270886
5369400   -3.5252051
5373000   -2.7400804
5376600   -1.1273073
5380200   0.8456763
5383800   2.5376227
5387400   3.4344308
5391000   3.4475245
5394600   2.688394
5398200   1.2701693
5401800   -0.4397103
5405400   -1.8684715
5409000   -3.030812
5412600   -3.6429727
5416200   -3.3042715
5419800   -1.957332
5423400   0.06982276
5427000   2.0360167
5430600   3.3455782
5434200   3.6850052
5437800   3.122716
5441400   1.838037
5445000   0.051634673
5448600   -1.5045339
5452200   -2.770442
5455800   -3.671686
5459400   -3.743703
5463000   -2.7461684
5466600   -0.834153
5470200   1.3576739
5473800   3.106233
5477400   3.8489623
5481000   3.599082
5484600   2.5789292
5488200   0.8808174
5491800   -0.8252927
5495400   -2.1648567
5499000   -3.2448375
5502600   -3.7203267
5506200   -3.2223313
5509800   -1.6505542
5513400   0.51363415
5517000   2.5832326
5520600   3.852273
5524200   3.9848382
5527800   3.20829
5531400   1.7218311
5535000   -0.20140591
5538600   -1.7797146
5542200   -3.0566325
5545800   -3.8560202
5549400   -3.679905
5553000   -2.3564174
5556600   -0.1795379
5560200   2.0744872
5563800   3.6710098
5567400   4.1520967
5571000   3.6435158
5574600   2.3508844
5578200   0.39871857
5581800   -1.3684577
5585400   -2.8142521
5589000   -3.952794
5592600   -4.3132997
5596200   -3.50576
5599800   -1.5712215
5603400   0.8000721
5607000   2.866857
5610600   3.9199445
5614200   3.8625185
5617800   2.9763613
5621400   1.3705583
5625000   -0.5073381
5628600   -1.9823827
5632200   -3.128046
5635800   -3.649031
5639400   -3.105997
5643000   -1.4483649
5646600   0.77737695
5650200   2.9459043
5653800   4.351651
5657400   4.6352553
5661000   3.9436438
5664600   2.4424405
5668200   0.50009125
5671800   -1.192623
5675400   -2.6106293
5679000   -3.5649803
5682600   -3.6482174
5686200   -2.5711486
5689800   -0.5562799
5693400   1.6981684
5697000   3.4135478
5700600   4.041795
5704200   3.633833
5707800   2.4238353
5711400   0.5278879
5715000   -1.3264482
5718600   -2.8068738
5722200   -3.8917701
5725800   -4.1537433
5729400   -3.2944489
5733000   -1.3520236
5736600   1.0609457
5740200   3.1360047
5743800   4.158037
5747400   4.0332904
5751000   3.0753121
5754600   1.3864372
5758200   -0.5676086
5761800   -2.1440477
5765400   -3.483771
5769000   -4.2668195
5772600   -4.0341477
5776200   -2.617531
5779800   -0.3921823
5783400   1.8676149
5787000   3.410766
5790600   3.757407
5794200   3.1301086
5797800   1.8269404
5801400   -0.09167458
5805000   -1.7356288
5808600   -3.0209222
5812200   -3.955101
5815800   -3.9839194
5819400   -2.8693838
5823000   -0.8146804
5826600   1.4975574
5830200   3.3226666
5833800   4.056823
5837400   3.7637744
5841000   2.7097752
5844600   0.92451197
5848200   -0.83299863
5851800   -2.2481472
5855400   -3.4506164
5859000   -3.9512134
5862600   -3.3816779
5866200   -1.7436233
5869800   0.47167367
5873400   2.4981825
5877000   3.6476762
5880600   3.7541282
5884200   3.0850854
5887800   1.7216952
5891400   -0.038230993
5895000   -1.4631524
5898600   -2.6284103
5902200   -3.2709587
5905800   -3.020287
5909400   -1.7310576
5913000   0.23727137
5916600   2.2819488
5920200   3.7494762
5923800   4.2471395
5927400   3.8143897
5931000   2.5894032
5934600   0.8390761
5938200   -0.7545887
5941800   -2.09223
5945400   -3.0769908
5949000   -3.3900669
5952600   -2.7159545
5956200   -1.1355122
5959800   0.81810486
5963400   2.5164328
5967000   3.418754
5970600   3.4040256
5974200   2.6696088
5977800   1.3153355
5981400   -0.21156201
5985000   -1.4793502
5988600   -2.4836442
5992200   -2.9928174
5995800   -2.658457
5999400   -1.4138784
6003000   0.3697527
6006600   2.0977314
6010200   3.2366152
6013800   3.5025394
6017400   2.999133
6021000   1.8459488
6024600   0.29441795
6028200   -1.0936316
6031800   -2.2861145
6035400   -3.1383195
6039000   -3.2859952
6042600   -2.5724254
6046200   -1.0778202
6049800   0.65932256
6053400   2.1077328
6057000   2.8372548
6060600   2.7640903
6064200   2.0589247
6067800   0.8378467
6071400   -0.52691346
6075000   -1.6805544
6078600   -2.5994089
6082200   -3.0123496
6085800   -2.665334
6089400   -1.510721
6093000   0.08826425
6096600   1.5822034
6100200   2.555671
6103800   2.7636812
6107400   2.2810614
6111000   1.2477118
6114600   -0.11403646
6118200   -1.331143
6121800   -2.3198144
6125400   -2.986098
6129000   -3.0369205
6132600   -2.3536038
6136200   -1.0183879
6139800   0.5134192
6143400   1.761567
6147000   2.4107728
6150600   2.3481896
6154200   1.7116221
6157800   0.6126074
6161400   -0.59827554
6165000   -1.6035058
6168600   -2.3707016
6172200   -2.709488
6175800   -2.4162643
6179400   -1.4264214
6183000   -0.018378858
6186600   1.308166
6190200   2.2127674
6193800   2.4766934
6197400   2.1236584
6201000   1.2500936
6204600   0.07124279
6208200   -1.0389585
6211800   -1.9791571
6215400   -2.6495044
6219000   -2.8025384
6222600   -2.329485
6226200   -1.2443311
6229800   0.07980896
6233400   1.2395977
6237000   1.9279525
6240600   2.0242045
6244200   1.5735321
6247800   0.68935657
6251400   -0.3807684
6255000   -1.3117708
6258600   -2.0367587
6262200   -2.398566
6265800   -2.1991622
6269400   -1.3852575
6273000   -0.1694977
6276600   1.0597702
6280200   1.9542567
6283800   2.3014479
6287400   2.0640488
6291000   1.3206073
6294600   0.24949223
6298200   -0.83892894
6301800   -1.7872834
6305400   -2.5030565
6309000   -2.7771196
6312600   -2.4362478
6316200   -1.4681042
6319800   -0.1763363
6323400   1.0376656
6327000   1.8525767
6330600   2.0723996
6334200   1.7282633
6337800   0.92525667
6341400   -0.14348969
6345000   -1.1506231
6348600   -1.9739257
6352200   -2.533145
6355800   -2.5721838
6359400   -1.9996336
6363000   -0.90308905
6366600   0.340403
6370200   1.3648325
6373800   1.9043306
6377400   1.8439296
6381000   1.264081
6384600   0.28327844
6388200   -0.8168322
6391800   -1.7528328
6395400   -2.4788744
6399000   -2.7870374
6402600   -2.4943204
6406200   -1.5577849
6409800   -0.24863859
6413400   1.0643506
6417000   1.9658396
6420600   2.2442346
6424200   1.9393086
6427800   1.1375405
6431400   0.0069393264
6435000   -1.0540342
6438600   -1.9135311
6442200   -2.5123713
6445800   -2.567844
6449400   -1.9770331
6453000   -0.8032656
6456600   0.6158732
6460200   1.8127519
6463800   2.4811175
6467400   2.4669924
6471000   1.8495808
6474600   0.77424836
6478200   -0.4490373
6481800   -1.4826407
6485400   -2.317663
6489000   -2.7228732
6492600   -2.4535642
6496200   -1.4443971
6499800   -0.024399806
6503400   1.3855844
6507000   2.3280091
6510600   2.5902038
6514200   2.2048976
6517800   1.2748586
6521400   0.00037141374
6525000   -1.1931096
6528600   -2.1735992
6532200   -2.8578038
6535800   -2.9466708
6539400   -2.2798715
6543000   -0.9443747
6546600   0.6084388
6550200   1.8716146
6553800   2.4649334
6557400   2.3277154
6561000   1.6075863
6564600   0.42535818
6568200   -0.85281676
6571800   -1.8848914
6575400   -2.6823294
6579000   -2.9656732
6582600   -2.516174
6586200   -1.3064781
6589800   0.31459332
6593400   1.7883894
6597000   2.658249
6600600   2.7457862
6604200   2.1469505
6607800   0.9962911
6611400   -0.43106526
6615000   -1.6607262
6618600   -2.6514702
6622200   -3.2357721
6625800   -3.091316
6629400   -2.11413
6633000   -0.52047026
6636600   1.1514856
6640200   2.3717458
6643800   2.803952
6647400   2.477373
6651000   1.5606124
6654600   0.17230687
6658200   -1.1599692
6661800   -2.2183654
6665400   -2.9612772
6669000   -3.0188105
6672600   -2.2225602
6676200   -0.6962794
6679800   1.0496974
6683400   2.461347
6687000   3.1170523
6690600   2.984452
6694200   2.1783478
6697800   0.8181884
6701400   -0.63570845
6705000   -1.8142337
6708600   -2.7574222
6712200   -3.1535294
6715800   -2.7423735
6719400   -1.4687624
6723000   0.2554025
6726600   1.8577695
6730200   2.803584
6733800   2.872411
6737400   2.2289584
6741000   1.0229324
6744600   -0.48246938
6748200   -1.7257829
6751800   -2.6639264
6755400   -3.1525178
6759000   -2.8088121
6762600   -1.5913894
6766200   0.17766622
6769800   1.9237226
6773400   3.0797925
6777000   3.3581996
6780600   2.864469
6784200   1.7374502
6787800   0.16181128
6791400   -1.2588056
6795000   -2.4252472
6798600   -3.2395542
6802200   -3.3044531
6805800   -2.4489653
6809400   -0.8260919
6813000   1.0169132
6816600   2.4611673
6820200   3.0485756
6823800   2.7779362
6827400   1.8608382
6831000   0.40828618
6834600   -1.0510296
6838200   -2.167482
6841800   -2.995231
6845400   -3.1514919
6849000   -2.413191
6852600   -0.8521952
6856200   1.0249008
6859800   2.6002543
6863400   3.378052
6867000   3.2754683
6870600   2.4348547
6874200   0.9947039
6877800   -0.5947652
6881400   -1.9017302
6885000   -2.9667945
6888600   -3.473697
6892200   -3.1075459
6895800   -1.8090672
6899400   0.03265594
6903000   1.794571
6906600   2.8885643
6910200   3.0258272
6913800   2.3880966
6917400   1.1602372
6921000   -0.42922267
6924600   -1.739301
6928200   -2.747172
6931800   -3.3383684
6935400   -3.0753872
6939000   -1.864687
6942600   -0.031555362
6946200   1.8386688
6949800   3.0996435
6953400   3.4339912
6957000   2.9406803
6960600   1.7982844
6964200   0.15797882
6967800   -1.3069143
6971400   -2.4979005
6975000   -3.3592646
6978600   -3.4401855
6982200   -2.5866647
6985800   -0.9193613
6989400   0.99205786
6993000   2.510473
6996600   3.1362329
7000200   2.8640034
7003800   1.9329818
7007400   0.44023502
7011000   -1.0665951
7014600   -2.2101583
7018200   -3.075269
7021800   -3.2730472
7025400   -2.5511127
7029000   -0.98069644
7032600   0.92618793
7036200   2.557237
7039800   3.3609858
7043400   3.2762
7047000   2.4432843
7050600   0.98519874
7054200   -0.6390383
7057800   -1.9498956
7061400   -3.0172477
7065000   -3.5483127
7068600   -3.2189415
7072200   -1.9666343
7075800   -0.14147833
7079400   1.6476479
7083000   2.7867289
7086600   2.9546075
7090200   2.3290474
7093800   1.1196337
7097400   -0.47733572
7101000   -1.8003672
7104600   -2.8116002
7108200   -3.4279826
7111800   -3.2214756
7115400   -2.1119084
7119000   -0.3654437
7122600   1.4601495
7126200   2.7394707
7129800   3.1249166
7133400   2.6704898
7137000   1.5722475
7140600   -0.024717085
7144200   -1.4959978
7147800   -2.6569188
7151400   -3.5181098
7155000   -3.6734643
7158600   -2.9318707
7162200   -1.3733847
7165800   0.48217642
7169400   2.0172598
7173000   2.741036
7176600   2.575275
7180200   1.7415543
7183800   0.3937441
7187400   -1.0824881
7191000   -2.2010138
7194600   -3.036991
7198200   -3.2977748
7201800   -2.6751597
7205400   -1.251723
7209000   0.5611923
7212600   2.1668851
7216200   3.0640664
7219800   3.1061497
7223400   2.404871
7227000   1.1135669
7230600   -0.44057608
7234200   -1.7233789
7237800   -2.7593808
7241400   -3.3420463
7245000   -3.1566536
7248600   -2.111621
7252200   -0.46390706
7255800   1.236803
7259400   2.432357
7263000   2.7805457
7266600   2.371302
7270200   1.3872418
7273800   -0.04615862
7277400   -1.3355204
7281000   -2.3203816
7284600   -2.9917092
7288200   -2.9851246
7291800   -2.1627905
7295400   -0.6609112
7299000   1.012233
7302600   2.3171597
7306200   2.876883
7309800   2.659619
7313400   1.7986631
7317000   0.4408523
7320600   -0.96244293
7324200   -2.0995014
7327800   -2.992118
7331400   -3.3597238
7335000   -2.9791188
7338600   -1.8302838
7342200   -0.2514336
7345800   1.2357728
7349400   2.1633358
7353000   2.29387
7356600   1.7872473
7360200   0.7663756
7363800   -0.5291302
7367400   -1.5653863
7371000   -2.2659948
7374600   -2.6423383
7378200   -2.4632382
7381800   -1.6609164
7385400   -0.2979314
7389000   1.1603483
7392600   2.271259
7396200   2.6532812
7399800   2.26825
7403400   1.3431816
7407000   0.04933744
7410600   -1.2158878
7414200   -2.2571077
7417800   -3.0620162
7421400   -3.299738
7425000   -2.8320165
7428600   -1.6612387
7432200   -0.1633576
7435800   1.1644362
7439400   1.9423524
7443000   2.0163574
7446600   1.5295833
7450200   0.58567774
7453800   -0.5892294
7457400   -1.5714068
7461000   -2.3256898
7464600   -2.7478194
7468200   -2.5471847
7471800   -1.6610318
7475400   -0.35167617
7479000   0.975258
7482600   1.8927568
7486200   2.223583
7489800   1.9480175
7493400   1.179466
7497000   0.037649266
7500600   -1.0651525
7504200   -1.9707645
7507800   -2.6105115
7511400   -2.754281
7515000   -2.3280382
7518600   -1.3052049
7522200   -0.023097703
7525800   1.1487846
7529400   1.8542715
7533000   1.9654076
7536600   1.5230029
7540200   0.65537214
7543800   -0.42971
7547400   -1.4023782
7551000   -2.1803875
7554600   -2.6360748
7558200   -2.5101569
7561800   -1.721368
7565400   -0.3089408
7569000   1.0097984
7572600   1.8705484
7576200   2.3662853
7579800   2.2559602
7583400   1.5537446
7587000   0.4487889
7590600   -0.6136751
7594200   -1.5954952
7597800   -2.4372685
7601400   -2.9057722
7605000   -2.7882705
7608600   -1.9632763
7612200   -0.7710898
7615800   0.4854056
7619400   1.4384358
7623000   1.870099
7626600   1.7570821
7630200   1.1510931
7633800   0.18057923
7637400   -0.7554633
7641000   -1.4370588
7644600   -1.8076949
7648200   -1.7172725
7651800   -1.1682296
7655400   -0.24067004
7659000   0.9708914
7662600   2.0115867
7666200   2.531892
7669800   2.5440187
7673400   1.972135
7677000   0.9892124
7680600   -0.21658474
7684200   -1.3561646
7687800   -2.2603614
7691400   -2.785396
7695000   -2.703918
7698600   -1.9463856
7702200   -0.62202805
7705800   0.8705032
7709400   2.037608
7713000   2.5694358
7716600   2.4088688
7720200   1.6604517
7723800   0.50614834
7727400   -0.713178
7731000   -1.759368
7734600   -2.6033905
7738200   -3.0151782
7741800   -2.7704656
7745400   -1.7647738
7749000   -0.32393807
7752600   1.1263088
7756200   2.167081
7759800   2.4871728
7763400   2.128591
7767000   1.2257129
7770600   -0.06071015
7774200   -1.2916038
7777800   -2.2643876
7781400   -2.939005
7785000   -3.00164
7788600   -2.2521656
7792200   -0.8291028
7795800   0.78853506
7799400   2.1318805
7803000   2.7826514
7806600   2.6738844
7810200   1.9063363
7813800   0.6050194
7817400   -0.84402215
7821000   -2.0726542
7824600   -3.0483196
7828200   -3.4963841
7831800   -3.1463585
7835400   -1.9208734
7839000   -0.18872271
7842600   1.5407672
7846200   2.704412
7849800   2.971785
7853400   2.4715693
7857000   1.3616016
7860600   -0.19712803
7864200   -1.6158584
7867800   -2.7492824
7871400   -3.543258
7875000   -3.5719821
7878600   -2.653083
7882200   -0.953143
7885800   0.9715328
7889400   2.4992087
7893000   3.1533668
7896600   2.9010863
7900200   1.9494617
7903800   0.4058108
7907400   -1.2254127
7911000   -2.5577505
7914600   -3.6479058
7918200   -4.1625032
7921800   -3.7035425
7925400   -2.2489727
7929000   -0.21620698
7932600   1.7347499
7936200   2.9596329
7939800   3.1204276
7943400   2.4307399
7947000   1.126369
7950600   -0.6535972
7954200   -2.1610622
7957800   -3.350137
7961400   -4.142776
7965000   -4.0155077
7968600   -2.7955384
7972200   -0.77029985
7975800   1.4218932
7979400   3.0327592
7983000   3.5885167
7986600   3.1482382
7990200   1.9925256
7993800   0.16712856
7997400   -1.5805179
8001000   -2.9718056
8004600   -4.090267
8008200   -4.4724584
8011800   -3.7496612
8015400   -1.9622964
8019000   0.34738374
8022600   2.3895793
8026200   3.4662087
8029800   3.3655748
8033400   2.4500978
8037000   0.90153867
8040600   -1.0243033
8044200   -2.5149467
8047800   -3.7240436
8051400   -4.3658786
8055000   -3.9129217
8058600   -2.3053708
8062200   -0.007491053
8065800   2.272295
8069400   3.715745
8073000   4.0019727
8076600   3.340707
8080200   1.9687257
8083800   -0.009074284
8087400   -1.693547
8091000   -3.0369575
8094600   -3.9820597
8098200   -4.0246506
8101800   -2.8996248
8105400   -0.82233953
8109000   1.5261838
8112600   3.3622227
8116200   4.069751
8119800   3.7302358
8123400   2.6877434
8127000   0.8857658
8130600   -0.9784571
8134200   -2.5051413
8137800   -3.7745051
8141400   -4.239774
8145000   -3.4538932
8148600   -1.5581572
8152200   0.8805111
8155800   3.0822759
8159400   4.2602797
8163000   4.2338405
8166600   3.3694775
8170200   1.7237031
8173800   -0.25183097
8177400   -1.8529369
8181000   -3.1937337
8184600   -3.9981182
8188200   -3.7611637
8191800   -2.2777884
8195400   -0.057664126
8199000   2.2874784
8202600   3.8420024
8206200   4.1548257
8209800   3.469089
8213400   2.0193298
8217000   -0.042785514
8220600   -1.7687541
8224200   -3.1574793
8227800   -4.1879992
8231400   -4.347118
8235000   -3.2636526
8238600   -1.1430109
8242200   1.3384558
8245800   3.3325686
8249400   4.1470766
8253000   3.802388
8256600   2.6428046
8260200   0.7092348
8263800   -1.2686864
8267400   -2.8074555
8271000   -4.0809717
8274600   -4.6594553
8278200   -4.1064534
8281800   -2.379152
8285400   0.0071911733
8289000   2.2557566
8292600   3.5753956
8296200   3.6398995
8299800   2.80638
8303400   1.3339587
8307000   -0.65162885
8310600   -2.1984599
8314200   -3.3983514
8317800   -4.0921283
8321400   -3.7098205
8325000   -2.1683211
8328600   0.04183405
8332200   2.3384647
8335800   3.881022
8339400   4.287058
8343000   3.6924074
8346600   2.3090565
8350200   0.2651245
8353800   -1.5115805
8357400   -2.9558377
8361000   -4.0054917
8364600   -4.214594
8368200   -3.2992954
8371800   -1.4165071
8375400   0.8223864
8379000   2.7052329
8382600   3.569155
8386200   3.3211958
8389800   2.313986
8393400   0.6626731
8397000   -1.1408567
8400600   -2.4888208
8404200   -3.5570674
8407800   -3.9646876
8411400   -3.3119812
8415000   -1.600881
8418600   0.6089482
8422200   2.5885599
8425800   3.6802309
8429400   3.7227917
8433000   2.9371223
8436600   1.4767648
8440200   -0.34102795
8443800   -1.8068231
8447400   -3.0333092
8451000   -3.7713096
8454600   -3.5543633
8458200   -2.2699752
8461800   -0.30418262
8465400   1.6906654
8469000   3.0738683
8472600   3.493709
8476200   3.0563855
8479800   2.0085618
8483400   0.43439874
8487000   -0.99551
8490600   -2.1577046
8494200   -2.96917
8497800   -3.0373015
8501400   -2.1702213
8505000   -0.56312513
8508600   1.2649906
8512200   2.7813752
8515800   3.5633023
8519400   3.4604309
8523000   2.62058
8526600   1.2110765
8530200   -0.28658116
8533800   -1.5197555
8537400   -2.5116096
8541000   -2.973619
8544600   -2.6648483
8548200   -1.474491
8551800   0.17163503
8555400   1.7467542
8559000   2.7050054
8562600   2.8799012
8566200   2.373867
8569800   1.3016362
8573400   -0.105994515
8577000   -1.3662417
8580600   -2.4067183
8584200   -3.0691962
8587800   -3.0392022
8591400   -2.1944728
8595000   -0.70636535
8598600   0.8830377
8602200   2.1090446
8605800   2.6269748
8609400   2.4465992
8613000   1.7037783
8616600   0.49458906
8620200   -0.77196574
8623800   -1.8052226
8627400   -2.6102104
8631000   -2.905403
8634600   -2.494694
8638200   -1.34655
8641800   0.11264329
8645400   1.4345622
8649000   2.2343662
8652600   2.370174
8656200   1.9318128
8659800   1.0235254
8663400   -0.14450222
8667000   -1.1775689
8670600   -2.0124621
8674200   -2.5189087
8677800   -2.4398713
8681400   -1.7006243
8685000   -0.47977704
8688600   0.8368597
8692200   1.8178016
8695800   2.2434053
8699400   2.0914938
8703000   1.4317418
8706600   0.41942745
8710200   -0.6098844
8713800   -1.4393065
8717400   -2.0488327
8721000   -2.1924584
8724600   -1.755169
8728200   -0.81067324
8731800   0.3721777
8735400   1.4159961
8739000   2.069405
8742600   2.2938316
8746200   2.0478
8749800   1.3713702
8753400   0.5115106
8757000   -0.25224608
8760600   -0.94186765
8764200   -1.3232099
8767800   -1.2907832
8771400   -0.8022002
8775000   0.05261986
8778600   1.0169545
8782200   1.8557591
8785800   2.3226044
8789400   2.3044994
8793000   1.8411593
8796600   1.022109
8800200   0.10803927
8803800   -0.6802117
8807400   -1.2963012
8811000   -1.6505967
8814600   -1.6272206
8818200   -1.0953107
8821800   -0.24705163
8825400   0.71214306
8829000   1.4948096
8832600   1.8512119
8836200   1.7389083
8839800   1.2506919
8843400   0.46859226
8847000   -0.3485918
8850600   -1.0701236
8854200   -1.6692852
8857800   -1.9137172
8861400   -1.7095723
8865000   -1.0910105
8868600   -0.2117075
8872200   0.6513101
8875800   1.2945656
8879400   1.5531482
8883000   1.360188
8886600   0.78013587
8890200   -0.017854195
8893800   -0.8299874
8897400   -1.512568
8901000   -1.949931
8904600   -1.9303434
8908200   -1.4015597
8911800   -0.4510207
8915400   0.66296214
8919000   1.6511679
8922600   2.324853
8926200   2.5246158
8929800   2.1309834
8933400   1.2508811
8937000   0.1366483
8940600   -0.93317914
8944200   -1.7309712
8947800   -2.1561875
8951400   -2.0902925
8955000   -1.4772553
8958600   -0.55204415
8962200   0.4889504
8965800   1.342477
8969400   1.7848511
8973000   1.7038475
8976600   1.189625
8980200   0.36630458
8983800   -0.5898774
8987400   -1.4574851
8991000   -2.087935
8994600   -2.236756
8998200   -1.7799618
9001800   -0.750184
9005400   0.4250123
9009000   1.4565064
9012600   2.1823254
9016200   2.3745136
9019800   1.8615371
9023400   0.9714541
9027000   -0.15704745
9030600   -1.2425724
9034200   -2.107446
9037800   -2.5931933
9041400   -2.3986728
9045000   -1.5038949
9048600   -0.13389803
9052200   1.1629997
9055800   2.0890696
9059400   2.3994336
9063000   2.0969157
9066600   1.3078338
9070200   0.16343208
9073800   -0.911959
9077400   -1.8087682
9081000   -2.4546227
9084600   -2.5434976
9088200   -1.9340224
9091800   -0.76317984
9095400   0.65689325
9099000   1.8480353
9102600   2.509868
9106200   2.4340928
9109800   1.7693435
9113400   0.6973619
9117000   -0.40552267
9120600   -1.277
9124200   -1.9557714
9127800   -2.1691968
9131400   -1.5656751
9135000   -0.3349023
9138600   1.1253765
9142200   2.322306
9145800   2.9047532
9149400   2.8988721
9153000   2.4123561
9156600   1.2885671
9160200   -0.040560428
9163800   -1.1866215
9167400   -2.135039
9171000   -2.648643
9174600   -2.4465961
9178200   -1.5049753
9181800   0.030362733
9185400   1.6393986
9189000   2.7354448
9192600   3.027953
9196200   2.568617
9199800   1.5099579
9203400   0.10425069
9207000   -1.2373865
9210600   -2.3410115
9214200   -3.119858
9217800   -3.223457
9221400   -2.494461
9225000   -1.0482402
9228600   0.6229359
9232200   2.0124433
9235800   2.7412498
9239400   2.627526
9243000   1.8165578
9246600   0.5224144
9250200   -0.8666122
9253800   -2.0187147
9257400   -2.9062984
9261000   -3.2352362
9264600   -2.705471
9268200   -1.3107401
9271800   0.47569355
9275400   2.0801857
9279000   2.9605243
9282600   2.9596927
9286200   2.2063222
9289800   0.8622498
9293400   -0.68291736
9297000   -1.8709183
9300600   -2.7302957
9304200   -3.0750544
9307800   -2.5568447
9311400   -1.2520466
9315000   0.5419402
9318600   2.2074304
9322200   3.2309895
9325800   3.4487002
9329400   2.9267247
9333000   1.7106088
9336600   0.118361846
9340200   -1.2806206
9343800   -2.4221501
9347400   -3.0492449
9351000   -2.7990792
9354600   -1.6276925
9358200   0.14014997
9361800   1.9496804
9365400   3.2077215
9369000   3.6066673
9372600   3.192673
9376200   2.0659494
9379800   0.4437586
9383400   -1.0754031
9387000   -2.371843
9390600   -3.299537
9394200   -3.5233283
9397800   -2.8003826
9401400   -1.2124878
9405000   0.67648625
9408600   2.263205
9412200   2.9978566
9415800   2.7889278
9419400   1.864703
9423000   0.39212742
9426600   -1.2004534
9430200   -2.4414434
9433800   -3.3824565
9437400   -3.7193582
9441000   -3.048007
9444600   -1.4624944
9448200   0.53460515
9451800   2.2913625
9455400   3.232008
9459000   3.1994953
9462600   2.3776271
9466200   0.93550074
9469800   -0.7839834
9473400   -2.1595736
9477000   -3.269848
9480600   -3.8737357
9484200   -3.5218508
9487800   -2.177381
9491400   -0.19584933
9495000   1.776213
9498600   3.047605
9502200   3.283897
9505800   2.6536279
9509400   1.3830359
9513000   -0.36154923
9516600   -1.8277987
9520200   -2.9535923
9523800   -3.6603603
9527400   -3.4610376
9531000   -2.2535672
9534600   -0.3317786
9538200   1.6864332
9541800   3.1273966
9545400   3.5809002
9549000   3.1146746
9552600   1.9580468
9556200   0.2155863
9559800   -1.3859748
9563400   -2.6583433
9567000   -3.6199903
9570600   -3.8039038
9574200   -2.9808617
9577800   -1.2509722
9581400   0.8057277
9585000   2.5212402
9588600   3.2825332
9592200   3.0331266
9595800   2.0507731
9599400   0.47023612
9603000   -1.2186999
9606600   -2.5037367
9610200   -3.4943786
9613800   -3.8164551
9617400   -3.1324434
9621000   -1.5122331
9624600   0.5441283
9628200   2.3942578
9631800   3.391535
9635400   3.3770695
9639000   2.5407774
9642600   1.050582
9646200   -0.7410086
9649800   -2.1792986
9653400   -3.3400507
9657000   -3.998448
9660600   -3.7354918
9664200   -2.4634156
9667800   -0.49420968
9671400   1.4973252
9675000   2.8468204
9678600   3.1526263
9682200   2.5541074
9685800   1.3443408
9689400   -0.3649895
9693000   -1.8504758
9696600   -2.9629998
9700200   -3.7118917
9703800   -3.5950363
9707400   -2.5566154
9711000   -0.738461
9714600   1.2774032
9718200   2.7710469
9721800   3.3518138
9725400   2.9926894
9729000   1.8976111
9732600   0.21108519
9736200   -1.3906461
9739800   -2.6570983
9743400   -3.6041784
9747000   -3.8898606
9750600   -3.2479274
9754200   -1.6539594
9757800   0.31494272
9761400   2.049204
9765000   2.944058
9768600   2.8242714
9772200   2.024501
9775800   0.6969423
9779400   -0.9177766
9783000   -2.1633022
9786600   -3.0838923
9790200   -3.2577107
9793800   -2.6192405
9797400   -1.2079
9801000   0.52403086
9804600   2.1066976
9808200   3.0404885
9811800   3.2784262
9815400   2.6981142
9819000   1.415194
9822600   -0.1679056
9826200   -1.5840267
9829800   -2.7903018
9833400   -3.536113
9837000   -3.5294015
9840600   -2.564162
9844200   -0.9130572
9847800   0.95009834
9851400   2.3254678
9855000   2.8812811
9858600   2.6298766
9862200   1.743026
9865800   0.3340895
9869400   -1.0090564
9873000   -2.1004963
9876600   -2.9719617
9880200   -3.216181
9883800   -2.6642082
9887400   -1.3094094
9891000   0.40842852
9894600   1.9513069
9898200   2.8183846
9901800   2.856189
9905400   2.2220528
9909000   1.042054
9912600   -0.35307977
9916200   -1.5208168
9919800   -2.4691436
9923400   -2.9903502
9927000   -2.774726
9930600   -1.7935745
9934200   -0.38393867
9937800   1.103036
9941400   2.2142556
9945000   2.6180327
9948600   2.2923388
9952200   1.3630072
9955800   0.05101457
9959400   -1.1721805
9963000   -2.1630752
9966600   -2.8819652
9970200   -3.037178
9973800   -2.4730666
9977400   -1.2370638
9981000   0.2691682
9984600   1.5759175
9988200   2.3165243
9991800   2.3612714
9995400   1.809975
9999000   0.7897956
10002600  -0.41587088
10006200  -1.4345001
10009800  -2.240816
10013400  -2.658218
10017000  -2.4415913
10020600  -1.5531695
10024200  -0.22400168
10027800  1.1173766
10031400  2.0957005
10035000  2.4857445
10038600  2.3005202
10042200  1.5969508
10045800  0.51253945
10049400  -0.57197493
10053000  -1.4708487
10056600  -2.0864694
10060200  -2.192534
10063800  -1.7021428
10067400  -0.691675
10071000  0.5639622
10074600  1.6679835
10078200  2.3299992
10081800  2.4331021
10085400  1.9855183
10089000  1.078617
10092600  -0.024543744
10096200  -1.063628
10099800  -1.9611347
10103400  -2.5149727
10107000  -2.5353963
10110600  -1.8982538
10114200  -0.7621112
10117800  0.5131831
10121400  1.5917517
10125000  2.1883178
10128600  2.2305033
10132200  1.7086432
10135800  0.7635334
10139400  -0.336543
10143000  -1.3382863
10146600  -2.1577663
10150200  -2.614476
10153800  -2.5130439
10157400  -1.7473333
10161000  -0.5614022
10164600  0.7081899
10168200  1.723022
10171800  2.2052948
10175400  2.1395528
10179000  1.5655018
10182600  0.5881445
10186200  -0.46170753
10189800  -1.3344398
10193400  -1.9782869
10197000  -2.2251437
10200600  -1.9112619
10204200  -1.0328655
10207800  0.22932905
10211400  1.4751266
10215000  2.337484
10218600  2.562262
10222200  2.183651
10225800  1.3002824
10229400  0.11970848
10233000  -1.0025753
10236600  -1.9483148
10240200  -2.5824122
10243800  -2.6484187
10247400  -2.0374439
10251000  -0.8270377
10254600  0.6096413
10258200  1.8560346
10261800  2.5660279
10265400  2.5975282
10269000  1.979593
10272600  0.86333835
10276200  -0.44733348
10279800  -1.6077111
10283400  -2.5541277
10287000  -3.0965075
10290600  -2.9676812
10294200  -2.0188198
10297800  -0.51275045
10301400  1.0796437
10305000  2.2893095
10308600  2.750789
10312200  2.4539747
10315800  1.5243094
10319400  0.14499347
10323000  -1.2268693
10326600  -2.3450506
10330200  -3.2263298
10333800  -3.5615282
10337400  -3.0374796
10341000  -1.664123
10344600  0.12390511
10348200  1.7742356
10351800  2.7473788
10355400  2.8367805
10359000  2.1929555
10362600  0.9765686
10366200  -0.5520901
10369800  -1.8373153
10373400  -2.8360717
10377000  -3.3831036
10380600  -3.0580647
10384200  -1.8050789
10387800  0.024276739
10391400  1.8318042
10395000  3.0849984
10398600  3.4908903
10402200  3.000522
10405800  1.802913
10409400  0.101122536
10413000  -1.4525269
10416600  -2.7710545
10420200  -3.7673895
10423800  -4.0674124
10427400  -3.4149868
10431000  -1.7944576
10434600  0.2952981
10438200  2.163341
10441800  3.1773067
10445400  3.1373515
10449000  2.3012173
10452600  0.8374329
10456200  -0.90690345
10459800  -2.2926185
10463400  -3.3818877
10467000  -3.9540555
10470600  -3.5501254
10474200  -2.107379
10477800  -0.035752486
10481400  1.9747928
10485000  3.2231658
10488600  3.3720033
10492200  2.6153467
10495800  1.2081665
10499400  -0.70537114
10503000  -2.3222306
10506600  -3.654117
10510200  -4.6306314
10513800  -4.730451
10517400  -3.6722233
10521000  -1.6099403
10524600  0.80537546
10528200  2.7543743
10531800  3.574131
10535400  3.2182195
10539000  2.1025937
10542600  0.34403238
10546200  -1.545543
10549800  -2.9527855
10553400  -4.099291
10557000  -4.564596
10560600  -3.8668284
10564200  -2.0379498
10567800  0.35294324
10571400  2.5639372
10575000  3.7849824
10578600  3.7782187
10582200  2.8674333
10585800  1.2575164
10589400  -0.8200916
10593000  -2.459138
10596600  -3.8174195
10600200  -4.6879783
10603800  -4.4828
10607400  -3.0202312
10611000  -0.70205545
10614600  1.7541121
10618200  3.49095
10621800  3.950734
10625400  3.3713295
10629000  2.1385608
10632600  0.1614271
10636200  -1.652872
10639800  -3.0906696
10643400  -4.176314
10647000  -4.2764573
10650600  -3.1408293
10654200  -0.96932113
10657800  1.5230579
10661400  3.529863
10665000  4.307315
10668600  3.920754
10672200  2.718817
10675800  0.7450487
10679400  -1.240594
10683000  -2.768149
10686600  -4.0447392
10690200  -4.547782
10693800  -3.875657
10697400  -1.9885926
10701000  0.5141009
10704600  2.8212194
10708200  4.0882597
10711800  4.060854
10715400  3.1258526
10719000  1.4743202
10722600  -0.63369733
10726200  -2.248762
10729800  -3.5788178
10733400  -4.378849
10737000  -4.086639
10740600  -2.5471544
10744200  -0.19215047
10747800  2.2353365
10751400  3.8535812
10755000  4.1788545
10758600  3.464408
10762200  2.0310714
10765800  -0.09500372
10769400  -1.9035786
10773000  -3.3634262
10776600  -4.4945145
10780200  -4.764839
10783800  -3.8078182
10787400  -1.7517389
10791000  0.73070335
10794600  2.7803185
10798200  3.6640341
10801800  3.3278244
10805400  2.231417
10809000  0.47300765
10812600  -1.4778438
10816200  -2.9005027
10819800  -4.0618486
10823400  -4.5347624
10827000  -3.836136
10830600  -2.007765
10834200  0.3674131
10837800  2.5475605
10841400  3.699573
10845000  3.6658053
10848600  2.7620223
10852200  1.1825973
10855800  -0.83385277
10859400  -2.390986
10863000  -3.6891747
10866600  -4.4747753
10870200  -4.2463217
10873800  -2.8734295
10877400  -0.7082031
10881000  1.5464242
10884600  3.1014323
10888200  3.470562
10891800  2.8478014
10895400  1.5690528
10899000  -0.31828925
10902600  -1.9702054
10906200  -3.219884
10909800  -4.1406984
10913400  -4.174747
10917000  -3.1126544
10920600  -1.1548699
10924200  1.0518651
10927800  2.7929237
10931400  3.4822016
10935000  3.1484838
10938600  2.1060522
10942200  0.43035385
10945800  -1.2983333
10949400  -2.611275
10953000  -3.6742468
10956600  -4.086409
10960200  -3.495344
10963800  -1.9200722
10967400  0.13986498
10971000  2.0182748
10974600  3.0479424
10978200  3.0542035
10981800  2.2895763
10985400  0.9429102
10989000  -0.7564277
10992600  -2.1069465
10996200  -3.1794379
10999800  -3.7835844
11003400  -3.5057192
11007000  -2.2992074
11010600  -0.465482
11014200  1.393437
11017800  2.6426792
11021400  2.9716454
11025000  2.4740028
11028600  1.3918592
11032200  -0.16021444
11035800  -1.5266371
11039400  -2.5986247
11043000  -3.360236
11046600  -3.4103475
11050200  -2.6028366
11053800  -1.0675812
11057400  0.66284984
11061000  2.040314
11064600  2.6715252
11068200  2.5045795
11071800  1.7163678
11075400  0.43059513
11079000  -0.90787584
11082600  -1.9508116
11086200  -2.76784
11089800  -3.1081805
11093400  -2.6820593
11097000  -1.4703273
11100600  0.13411395
11104200  1.5510387
11107800  2.3264844
11111400  2.385042
11115000  1.7927908
11118600  0.6808062
11122200  -0.6607797
11125800  -1.7727984
11129400  -2.6685927
11133000  -3.1922054
11136600  -3.0944166
11140200  -2.3212292
11143800  -0.9852717
11147400  0.40589622
11151000  1.4419204
11154600  1.831635
11158200  1.5947527
11161800  0.8723302
11165400  -0.1801874
11169000  -1.2028321
11172600  -1.9995866
11176200  -2.5863216
11179800  -2.692245
11183400  -2.1859155
11187000  -1.0782167
11190600  0.24705757
11194200  1.3574162
11197800  1.9458649
11201400  1.974437
11205000  1.5525533
11208600  0.7171266
11212200  -0.2798771
11215800  -1.1251626
11219400  -1.8146323
11223000  -2.1960585
11226600  -2.1002617
11230200  -1.4688278
11233800  -0.43952358
11237400  0.6148152
11241000  1.3830796
11244600  1.6492552
11248200  1.4266279
11251800  0.77911204
11255400  -0.12856059
11259000  -0.9825011
11262600  -1.673505
11266200  -2.1860962
11269800  -2.3547525
11273400  -2.0809
11277000  -1.3566103
11280600  -0.38706324
11284200  0.50308186
11287800  1.0734264
11291400  1.2079787
11295000  0.9627769
11298600  0.39318395
11302200  -0.34325033
11305800  -1.0109677
11309400  -1.555636
11313000  -1.8868712
11316600  -1.8652219
11320200  -1.433807
11323800  -0.66187614
11327400  0.17816053
11331000  0.8228277
11334600  1.2060428
11338200  1.1811309
11341800  0.7722141
11345400  0.0839643
11349000  -0.6914554
11352600  -1.4201652
11356200  -1.990293
11359800  -2.2961266
11363400  -2.2509518
11367000  -1.7705274
11370600  -0.9917613
11374200  -0.13228686
11377800  0.57098126
11381400  0.9351499
11385000  0.90465915
11388600  0.5411722
11392200  -0.07529126
11395800  -0.77796704
11399400  -1.4028705
11403000  -1.8833371
11406600  -2.0998719
11410200  -1.9371227
11413800  -1.3641293
11417400  -0.5492073
11421000  0.2924851
11424600  0.9202924
11428200  1.177952
11431800  1.0127927
11435400  0.47275698
11439000  -0.31703523
11442600  -1.1302693
11446200  -1.8041031
11449800  -2.2721033
11453400  -2.4267414
11457000  -2.1456807
11460600  -1.4250995
11464200  -0.47486615
11467800  0.42343932
11471400  1.0080233
11475000  1.146277
11478600  0.8494878
11482200  0.2084286
11485800  -0.64312387
11489400  -1.4454895
11493000  -2.0554824
11496600  -2.4001038
11500200  -2.3069701
11503800  -1.6903882
11507400  -0.6869254
11511000  0.4031114
11514600  1.2465023
11518200  1.5962868
11521800  1.4090301
11525400  0.7783041
11529000  -0.17933597
11532600  -1.190776
11536200  -2.03587
11539800  -2.6612997
11543400  -2.8751395
11547000  -2.5067332
11550600  -1.5816072
11554200  -0.36114967
11557800  0.78712255
11561400  1.5009314
11565000  1.6057817
11568600  1.1758338
11572200  0.33244333
11575800  -0.74849415
11579400  -1.700904
11583000  -2.4210687
11586600  -2.804319
11590200  -2.5985677
11593800  -1.7439088
11597400  -0.4724083
11601000  0.8262517
11604600  1.7171342
11608200  1.9704859
11611800  1.6110637
11615400  0.7585802
11619000  -0.44929063
11622600  -1.6121604
11626200  -2.549154
11629800  -3.2009344
11633400  -3.2563865
11637000  -2.592305
11640600  -1.3239294
11644200  0.15313883
11647800  1.3830179
11651400  1.9835002
11655000  1.8566825
11658600  1.143802
11662200  0.013099775
11665800  -1.2396693
11669400  -2.2417316
11673000  -2.9736116
11676600  -3.1966724
11680200  -2.6383357
11683800  -1.393218
11687400  0.17159535
11691000  1.576651
11694600  2.3719876
11698200  2.3733199
11701800  1.7116034
11705400  0.54203045
11709000  -0.8604256
11712600  -2.0500896
11716200  -3.0056417
11719800  -3.5177615
11723400  -3.2364047
11727000  -2.1369078
11730600  -0.5166173
11734200  1.1129154
11737800  2.2035918
11741400  2.440998
11745000  1.9355127
11748600  0.89980286
11752200  -0.5392111
11755800  -1.8395488
11759400  -2.8301256
11763000  -3.487624
11766600  -3.3728278
11770200  -2.4020834
11773800  -0.7778545
11777400  0.9877232
11781000  2.3082385
11784600  2.771442
11788200  2.380366
11791800  1.3412178
11795400  -0.18201157
11799000  -1.6434909
11802600  -2.771446
11806200  -3.6287332
11809800  -3.7928045
11813400  -3.0482316
11817000  -1.4891825
11820600  0.4020198
11824200  2.0196593
11827800  2.8037815
11831400  2.63789
11835000  1.739845
11838600  0.30740082
11842200  -1.2854253
11845800  -2.5152638
11849400  -3.4633663
11853000  -3.8468695
11856600  -3.266138
11860200  -1.7815874
11863800  0.14457752
11867400  1.9110177
11871000  2.8948925
11874600  2.9008822
11878200  2.115897
11881800  0.73782134
11885400  -0.9926578
11889000  -2.374752
11892600  -3.447866
11896200  -4.0523586
11899800  -3.745029
11903400  -2.4631648
11907000  -0.5150348
11910600  1.4689426
11914200  2.7843668
11917800  3.062394
11921400  2.4453564
11925000  1.209429
11928600  -0.54359204
11932200  -2.0510182
11935800  -3.1860964
11939400  -3.9528217
11943000  -3.8426287
11946600  -2.7034445
11950200  -0.78644913
11953800  1.300251
11957400  2.8366737
11961000  3.3337004
11964600  2.8662114
11968200  1.695227
11971800  -0.07782729
11975400  -1.7480932
11979000  -3.0301023
11982600  -4.0100384
11986200  -4.217485
11989800  -3.3723557
11993400  -1.583558
11997000  0.5918738
12000600  2.443498
12004200  3.305477
12007800  3.0964801
12011400  2.1123385
12015000  0.50032735
12018600  -1.2895603
12022200  -2.6305683
12025800  -3.6733112
12029400  -4.0792036
12033000  -3.4404364
12036600  -1.782891
12040200  0.40223786
12043800  2.4367206
12047400  3.555031
12051000  3.5607226
12054600  2.72504
12058200  1.2388265
12061800  -0.6055456
12065400  -2.104657
12069000  -3.3375275
12072600  -4.072843
12076200  -3.8680093
12079800  -2.5936794
12083400  -0.5425793
12087000  1.5775671
12090600  3.0288677
12094200  3.3354056
12097800  2.6655116
12101400  1.3562248
12105000  -0.5095943
12108600  -2.1015978
12112200  -3.286113
12115800  -4.10632
12119400  -4.046303
12123000  -2.9133356
12126600  -0.9378353
12130200  1.2706181
12133800  2.949746
12137400  3.5653486
12141000  3.1443408
12144600  2.008824
12148200  0.2316711
12151800  -1.4866251
12155400  -2.7932475
12159000  -3.8283522
12162600  -4.1579075
12166200  -3.4369652
12169800  -1.6859792
12173400  0.51876974
12177000  2.4671924
12180600  3.4699235
12184200  3.3587835
12187800  2.4432473
12191400  0.90942705
12195000  -0.8438409
12198600  -2.1889396
12202200  -3.2628167
12205800  -3.798892
12209400  -3.3393993
12213000  -1.8443652
12216600  0.23121588
12220200  2.272388
12223800  3.5703385
12227400  3.8149362
12231000  3.161178
12234600  1.7589256
12238200  -0.09782047
12241800  -1.6330067
12245400  -2.9088445
12249000  -3.72584
12252600  -3.705966
12256200  -2.644746
12259800  -0.728002
12263400  1.3372903
12267000  2.8557878
12270600  3.346643
12274200  2.9224412
12277800  1.8211087
12281400  0.15499535
12285000  -1.4096894
12288600  -2.5986443
12292200  -3.4954197
12295800  -3.6965935
12299400  -2.9382515
12303000  -1.2674015
12306600  0.759195
12310200  2.4723291
12313800  3.3065593
12317400  3.1641936
12321000  2.28436
12324600  0.7957308
12328200  -0.8432666
12331800  -2.1029255
12335400  -3.1013308
12339000  -3.554126
12342600  -3.1142538
12346200  -1.73645
12349800  0.20156331
12353400  2.0180314
12357000  3.0865695
12360600  3.2136738
12364200  2.6040142
12367800  1.3785114
12371400  -0.24762578
12375000  -1.6005905
12378600  -2.690484
12382200  -3.4107335
12385800  -3.379595
12389400  -2.4582572
12393000  -0.7987742
12396600  1.0364486
12400200  2.4621012
12403800  3.0518909
12407400  2.7876287
12411000  1.8759304
12414600  0.45504323
12418200  -0.962584
12421800  -2.084917
12425400  -2.9659696
12429000  -3.309031
12432600  -2.860891
12436200  -1.5993669
12439800  0.06871448
12443400  1.6064014
12447000  2.5260615
12450600  2.6267943
12454200  2.0438993
12457800  0.94408685
12461400  -0.44156298
12465000  -1.6169372
12468600  -2.5525913
12472200  -3.1542993
12475800  -3.1043055
12479400  -2.3066757
12483000  -0.8971382
12486600  0.63986653
12490200  1.8017766
12493800  2.2685952
12497400  2.0489645
12501000  1.2745008
12504600  0.07476689
12508200  -1.1548064
12511800  -2.140794
12515400  -2.9010909
12519000  -3.1495483
12522600  -2.6818852
12526200  -1.5383556
12529800  -0.07099827
12533400  1.2674352
12537000  2.0830424
12540600  2.2134368
12544200  1.7564598
12547800  0.82998943
12551400  -0.37656218
12555000  -1.463442
12558600  -2.351477
12562200  -2.922516
12565800  -2.901272
12569400  -2.1740556
12573000  -0.8926511
12576600  0.5230339
12580200  1.6565852
12583800  2.2378945
12587400  2.2179012
12591000  1.6699445
12594600  0.6888185
12598200  -0.42563722
12601800  -1.4009088
12605400  -2.202061
12609000  -2.597416
12612600  -2.3980954
12616200  -1.5594412
12619800  -0.32334304
12623400  0.89643633
12627000  1.8025706
12630600  2.1859875
12634200  1.9696103
12637800  1.2601124
12641400  0.21105686
12645000  -0.8645466
12648600  -1.8128957
12652200  -2.5463772
12655800  -2.857139
12659400  -2.585195
12663000  -1.6799955
12666600  -0.43753394
12670200  0.766183
12673800  1.5813774
12677400  1.7976998
12681000  1.4467303
12684600  0.64314336
12688200  -0.44720274
12691800  -1.4937286
12695400  -2.3463197
12699000  -2.9279366
12702600  -2.9823115
12706200  -2.3642702
12709800  -1.1762356
12713400  0.19527347
12717000  1.3700196
12720600  2.0311613
12724200  2.049496
12727800  1.4597306
12731400  0.3888626
12735000  -0.8899765
12738600  -2.0291944
12742200  -2.9493828
12745800  -3.4894369
12749400  -3.3882716
12753000  -2.5376146
12756600  -1.1246365
12760200  0.4201812
12763800  1.6531875
12767400  2.2194169
12771000  2.0945687
12774600  1.3846945
12778200  0.20587367
12781800  -1.0653164
12785400  -2.112778
12789000  -2.9235039
12792600  -3.2270262
12796200  -2.7796319
12799800  -1.5761606
12803400  0.013544529
12807000  1.5169755
12810600  2.4631271
12814200  2.6159759
12817800  2.057524
12821400  0.9224814
12825000  -0.5678602
12828600  -1.8970697
12832200  -2.987098
12835800  -3.7115276
12839400  -3.7326303
12843000  -2.8900666
12846600  -1.2921988
12850200  0.5423454
12853800  2.0581582
12857400  2.7547085
12861000  2.582384
12864600  1.759188
12868200  0.37926257
12871800  -1.1477726
12875400  -2.3798954
12879000  -3.3364277
12882600  -3.7176008
12886200  -3.209191
12889800  -1.7666395
12893400  0.12991768
12897000  1.9144197
12900600  2.9886878
12904200  3.0977225
12907800  2.3870187
12911400  1.0451349
12915000  -0.69832015
12918600  -2.177028
12922200  -3.3823092
12925800  -4.19028
12929400  -4.1667547
12933000  -3.1113336
12936600  -1.2165779
12940200  0.8896204
12943800  2.5514696
12947400  3.1981058
12951000  2.847176
12954600  1.8012383
12958200  0.15303168
