1800 -2.5138621
5400 -2.4925098
9000 -1.9125946
12600 -0.8968575
16200 0.23724976
19800 1.1993682
23400 1.7297474
27000 1.7214347
30600 1.2129697
34200 0.33763933
37800 -0.6370357
41400 -1.436463
45000 -1.9975414
48600 -2.1710045
52200 -1.7545817
55800 -0.81992626
59400 0.39824605
63000 1.5800009
66600 2.4108407
70200 2.5811164
73800 2.0036387
77400 0.90517896
81000 -0.33433688
84600 -1.485547
88200 -2.38216
91800 -2.9216053
95400 -2.8795915
99000 -2.1278782
102600 -0.83161175
106200 0.57802963
109800 1.7153115
113400 2.2331135
117000 2.0706222
120600 1.3734275
124200 0.26582628
127800 -0.8574212
131400 -1.7803973
135000 -2.4198065
138600 -2.6147327
142200 -2.0727453
145800 -0.8337431
149400 0.6707855
153000 1.9479908
156600 2.6390784
160200 2.592755
163800 1.8956436
167400 0.6676914
171000 -0.71349275
174600 -1.8512744
178200 -2.7485435
181800 -3.1975026
185400 -2.901625
189000 -1.8090287
192600 -0.16383111
196200 1.4769443
199800 2.579505
203400 2.8709464
207000 2.3764887
210600 1.2809435
214200 -0.20089185
217800 -1.5140234
221400 -2.5337887
225000 -3.200246
228600 -3.1644819
232200 -2.2525983
235800 -0.62005603
239400 1.1923369
243000 2.5810666
246600 3.1211264
250200 2.80666
253800 1.7931854
257400 0.24911897
261000 -1.2769475
264600 -2.4825284
268200 -3.3995707
271800 -3.6772766
275400 -3.0273576
279000 -1.4809006
282600 0.48919663
286200 2.2388437
289800 3.1928034
293400 3.173608
297000 2.414553
300600 1.050251
304200 -0.50413775
307800 -1.6990411
311400 -2.6983025
315000 -3.1273234
318600 -2.7111027
322200 -1.3574839
325800 0.56907153
329400 2.4148164
333000 3.560203
336600 3.7352488
340200 3.1227129
343800 1.8218768
347400 0.18150523
351000 -1.3069507
354600 -2.5559201
358200 -3.4466572
361800 -3.5585585
365400 -2.6366453
369000 -0.78515553
372600 1.3736435
376200 3.0714238
379800 3.6610076
383400 3.256233
387000 2.0998087
390600 0.33595276
394200 -1.3540859
397800 -2.6983685
401400 -3.71311
405000 -4.1166587
408600 -3.3761349
412200 -1.5765781
415800 0.6697566
419400 2.656144
423000 3.687924
426600 3.6013932
430200 2.6905925
433800 1.0628964
437400 -0.85351336
441000 -2.3350217
444600 -3.5392213
448200 -4.2205634
451800 -3.8742507
455400 -2.4456599
459000 -0.26557902
462600 1.9178501
466200 3.396648
469800 3.7185404
473400 3.0897756
477000 1.7704661
480600 -0.1327093
484200 -1.7611123
487800 -3.0240664
491400 -3.9109406
495000 -3.9393134
498600 -2.7825434
502200 -0.7258133
505800 1.571506
509400 3.3007572
513000 3.8832736
516600 3.4015322
520200 2.2025416
523800 0.3199253
527400 -1.4574049
531000 -2.788743
534600 -3.8673692
538200 -4.1660576
541800 -3.2347202
545400 -1.2820666
549000 1.1404581
552600 3.1733422
556200 4.1050506
559800 3.9554253
563400 2.9863684
567000 1.2490526
570600 -0.67023104
574200 -2.1447263
577800 -3.3177257
581400 -4.0360065
585000 -3.7062385
588600 -2.2109597
592200 0.008197097
595800 2.2575788
599400 3.7120368
603000 3.9352107
606600 3.208959
610200 1.7942528
613800 -0.15173581
617400 -1.7501355
621000 -3.0741014
624600 -3.9715452
628200 -4.01528
631800 -2.8727732
635400 -0.8085551
639000 1.4924514
642600 3.2505422
646200 3.8957977
649800 3.4793491
653400 2.3285086
657000 0.4627718
660600 -1.3159808
664200 -2.683897
667800 -3.7858016
671400 -4.16466
675000 -3.4253588
678600 -1.6293484
682200 0.67090917
685800 2.708019
689400 3.7780714
693000 3.7079756
696600 2.8283315
700200 1.2711409
703800 -0.58491397
707400 -2.0212102
711000 -3.2041411
714600 -3.917357
718200 -3.636593
721800 -2.2357683
725400 -0.099725164
729000 2.0503864
732600 3.501227
736200 3.8476012
739800 3.2538671
743400 1.9666301
747000 0.11977357
750600 -1.4707139
754200 -2.7536232
757800 -3.6796632
761400 -3.7819145
765000 -2.908308
768600 -1.1034582
772200 0.97987217
775800 2.7074282
779400 3.4815292
783000 3.267624
786600 2.3073423
790200 0.74183476
793800 -0.90599066
797400 -2.1910546
801000 -3.2315102
804600 -3.6825972
808200 -3.1944287
811800 -1.7201447
815400 0.29801622
819000 2.1868849
822600 3.3086379
826200 3.4407465
829800 2.7656221
833400 1.4284214
837000 -0.28417304
840600 -1.6790901
844200 -2.855794
847800 -3.6341648
851400 -3.6443238
855000 -2.7232692
858600 -0.9937746
862200 0.93764776
865800 2.4226196
869400 3.027729
873000 2.7516747
876600 1.8664124
880200 0.4273838
883800 -1.0020939
887400 -2.1441088
891000 -3.0228763
894600 -3.301014
898200 -2.6980383
901800 -1.2865183
905400 0.556517
909000 2.149189
912600 3.0611134
916200 3.1251972
919800 2.4388192
923400 1.1590164
927000 -0.329022
930600 -1.6227796
934200 -2.7073495
937800 -3.36421
941400 -3.364018
945000 -2.455517
948600 -0.90128297
952200 0.7920372
955800 2.098816
959400 2.6391158
963000 2.4098692
966600 1.5918598
970200 0.29184052
973800 -1.0067596
977400 -2.0568228
981000 -2.8895698
984600 -3.1951346
988200 -2.7361386
991800 -1.5002358
995400 0.10217635
999000 1.5787355
1002600 2.4696565
1006200 2.577508
1009800 2.0483057
1013400 0.9766365
1017000 -0.41121963
1020600 -1.6178249
1024200 -2.6420116
1027800 -3.3409865
1031400 -3.4011736
1035000 -2.6870723
1038600 -1.3237228
1042200 0.21954177
1045800 1.5059103
1049400 2.2070627
1053000 2.2266107
1056600 1.6967775
1060200 0.69706416
1063800 -0.45331356
1067400 -1.4311492
1071000 -2.213744
1074600 -2.5903997
1078200 -2.3017945
1081800 -1.3381901
1085400 0.068853185
1089000 1.4232533
1092600 2.3188164
1096200 2.5338807
1099800 2.129433
1103400 1.1751473
1107000 -0.12794161
1110600 -1.380989
1114200 -2.4218826
1117800 -3.1682951
1121400 -3.3638847
1125000 -2.8718147
1128600 -1.6764386
1132200 -0.1872786
1135800 1.1897694
1139400 2.0378516
1143000 2.1960917
1146600 1.7592876
1150200 0.83120453
1153800 -0.37915424
1157400 -1.4572808
1161000 -2.315835
1164600 -2.8618882
1168200 -2.7819924
1171800 -1.9714739
1175400 -0.585355
1179000 0.8733239
1182600 2.0016181
1186200 2.4771314
1189800 2.265684
1193400 1.4624947
1197000 0.21063809
1200600 -1.0942229
1204200 -2.2115107
1207800 -3.1046948
1211400 -3.5253863
1215000 -3.2248259
1218600 -2.1601532
1222200 -0.606676
1225800 0.91107935
1229400 1.9769584
1233000 2.272613
1236600 1.9000233
1240200 1.0066745
1243800 -0.2965685
1247400 -1.4872555
1251000 -2.4030442
1254600 -3.0385382
1258200 -3.0193493
1261800 -2.2221282
1265400 -0.81269085
1269000 0.843923
1272600 2.1682668
1276200 2.8707254
1279800 2.801533
1283400 2.0897355
1287000 0.8429776
1290600 -0.59919196
1294200 -1.7614557
1297800 -2.6841989
1301400 -3.1561959
1305000 -2.955693
1308600 -1.9168924
1312200 -0.32726932
1315800 1.3124528
1319400 2.420089
1323000 2.7354252
1326600 2.2544394
1330200 1.1957002
1333800 -0.20581745
1337400 -1.488573
1341000 -2.5168967
1344600 -3.2722046
1348200 -3.4587004
1351800 -2.7716756
1355400 -1.3192567
1359000 0.43678772
1362600 1.9217116
1366200 2.6372504
1369800 2.418411
1373400 1.532202
1377000 0.12568307
1380600 -1.4389249
1384200 -2.699191
1387800 -3.681113
1391400 -4.1738315
1395000 -3.7664964
1398600 -2.4252927
1402200 -0.5046752
1405800 1.3358792
1409400 2.5564559
1413000 2.836977
1416600 2.2812915
1420200 1.1228008
1423800 -0.50639826
1427400 -1.9250646
1431000 -3.0154006
1434600 -3.7669544
1438200 -3.7513564
1441800 -2.775152
1445400 -1.0512123
1449000 0.9064314
1452600 2.4140823
1456200 3.0158029
1459800 2.6826954
1463400 1.6569952
1467000 0.048838805
1470600 -1.5621945
1474200 -2.8159351
1477800 -3.8065932
1481400 -4.1510773
1485000 -3.52664
1488600 -1.9776081
1492200 0.059460826
1495800 1.8881788
1499400 2.9189243
1503000 2.9256442
1506600 2.1715875
1510200 0.8253178
1513800 -0.89065826
1517400 -2.245038
1521000 -3.327265
1524600 -3.9616325
1528200 -3.6774979
1531800 -2.408359
1535400 -0.4421868
1539000 1.5629647
1542600 2.9151974
1546200 3.2212057
1549800 2.6364253
1553400 1.4101354
1557000 -0.3614153
1560600 -1.9137108
1564200 -3.1379433
1567800 -4.039137
1571400 -4.1446257
1575000 -3.230242
1578600 -1.4485145
1582200 0.64422476
1585800 2.3457546
1589400 3.0945485
1593000 2.8380885
1596600 1.8586799
1600200 0.2700942
1603800 -1.4272616
1607400 -2.7045195
1611000 -3.7092445
1614600 -4.087283
1618200 -3.4599378
1621800 -1.87746
1625400 0.21261184
1629000 2.108306
1632600 3.1715138
1636200 3.1831584
1639800 2.3888419
1643400 0.98212296
1647000 -0.7836202
1650600 -2.1696463
1654200 -3.277191
1657800 -3.9075158
1661400 -3.6112597
1665000 -2.2974477
1668600 -0.30006748
1672200 1.6865526
1675800 3.0269504
1679400 3.341011
1683000 2.7722611
1686600 1.5556966
1690200 -0.21324311
1693800 -1.7267481
1697400 -2.9171977
1701000 -3.7628732
1704600 -3.8779888
1708200 -2.9731889
1711800 -1.2214328
1715400 0.822191
1719000 2.4510584
1722600 3.1045344
1726200 2.7899277
1729800 1.8047079
1733400 0.22007367
1737000 -1.3532445
1740600 -2.5612354
1744200 -3.486053
1747800 -3.8019938
1751400 -3.1534116
1755000 -1.5495127
1758600 0.4605984
1762200 2.1588159
1765800 3.0173602
1769400 2.9182594
1773000 2.0724611
1776600 0.6323917
1780200 -1.0647142
1783800 -2.4175737
1787400 -3.511467
1791000 -4.113878
1794600 -3.7998326
1798200 -2.4984841
1801800 -0.5804402
1805400 1.3297417
1809000 2.6314886
1812600 2.9502506
1816200 2.4204957
1819800 1.2913953
1823400 -0.28256115
1827000 -1.5700078
1830600 -2.535488
1834200 -3.184762
1837800 -3.0353801
1841400 -1.9420334
1845000 -0.25142148
1848600 1.4839138
1852200 2.8120613
1855800 3.2724192
1859400 2.9350736
1863000 1.9097177
1866600 0.31342724
1870200 -1.1393875
1873800 -2.273205
1877400 -3.182918
1881000 -3.4852366
1884600 -3.0041351
1888200 -1.7322277
1891800 -0.013599167
1895400 1.5609653
1899000 2.4388344
1902600 2.3211527
1906200 1.5106175
1909800 0.25697494
1913400 -1.1742778
1917000 -2.3132389
1920600 -3.1222105
1924200 -3.520637
1927800 -3.085942
1931400 -1.7913837
1935000 -0.086981624
1938600 1.5110728
1942200 2.4224517
1945800 2.4748356
1949400 1.817375
1953000 0.6378421
1956600 -0.8882246
1960200 -2.1308126
1963800 -3.098006
1967400 -3.7267394
1971000 -3.6138527
1974600 -2.6300807
1978200 -1.0438331
1981800 0.6318074
1985400 1.8246758
1989000 2.2088373
1992600 1.8176713
1996200 0.9075689
1999800 -0.43699828
2003400 -1.6822268
2007000 -2.5654829
2010600 -3.1788986
2014200 -3.1547763
2017800 -2.332688
2021400 -0.9144921
2025000 0.6724305
2028600 1.9157853
2032200 2.4557562
2035800 2.240366
2039400 1.4241157
2043000 0.15611663
2046600 -1.1781805
2050200 -2.2182195
2053800 -3.017268
2057400 -3.2865252
2061000 -2.8333693
2064600 -1.6668624
2068200 -0.18439217
2071800 1.1569927
2075400 1.930705
2079000 1.9612498
2082600 1.3893391
2086200 0.3774887
2089800 -0.8581788
2093400 -1.8413562
2097000 -2.5681179
2100600 -2.9145563
2104200 -2.6019425
2107800 -1.6197526
2111400 -0.2424647
2115000 1.1119716
2118600 1.9930634
2122200 2.2032526
2125800 1.7800264
2129400 0.8599432
2133000 -0.38036743
2136600 -1.4927553
2140200 -2.3688753
2143800 -2.9461257
2147400 -2.9662476
2151000 -2.353427
2154600 -1.1876427
2158200 0.12993753
2161800 1.1834791
2165400 1.6651082
2169000 1.517288
2172600 0.8735147
2176200 -0.12665273
2179800 -1.1745448
2183400 -1.9791957
2187000 -2.5424428
2190600 -2.667597
2194200 -2.2133439
2197800 -1.19901
2201400 0.06751726
2205000 1.1619474
2208600 1.7845513
2212200 1.8160052
2215800 1.2947102
2219400 0.36813128
2223000 -0.7407808
2226600 -1.6852293
2230200 -2.423179
2233800 -2.840627
2237400 -2.7401936
2241000 -2.0545206
2244600 -0.9493112
2248200 0.21297161
2251800 1.0710858
2255400 1.4078368
2259000 1.2029572
2262600 0.57825327
2266200 -0.34945035
2269800 -1.2538015
2273400 -1.9402164
2277000 -2.3781447
2280600 -2.3917732
2284200 -1.8819919
2287800 -0.9428075
2291400 0.17077912
2295000 1.0895106
2298600 1.5557603
2302200 1.5104883
2305800 0.99619263
2309400 0.12690634
2313000 -0.87638336
2316600 -1.7298481
2320200 -2.3964293
2323800 -2.7305057
2327400 -2.5658731
2331000 -1.9092836
2334600 -0.8917093
2338200 0.16164671
2341800 0.9302889
2345400 1.2326041
2349000 1.071108
2352600 0.49645007
2356200 -0.3431937
2359800 -1.1669372
2363400 -1.8151593
2367000 -2.2418406
2370600 -2.2648532
2374200 -1.8255305
2377800 -0.9646132
2381400 0.06470946
2385000 0.9443104
2388600 1.4391654
2392200 1.4287384
2395800 0.9751597
2399400 0.16365607
2403000 -0.77335256
2406600 -1.613123
2410200 -2.2757041
2413800 -2.6291478
2417400 -2.5343447
2421000 -1.9396024
2424600 -0.9721616
2428200 0.065341316
2431800 0.8955179
2435400 1.2870001
2439000 1.1997423
2442600 0.6835899
2446200 -0.13819209
2449800 -0.991999
2453400 -1.6804978
2457000 -2.172267
2460600 -2.310158
2464200 -1.9589581
2467800 -1.1469685
2471400 -0.11283968
2475000 0.84657246
2478600 1.4370934
2482200 1.5327526
2485800 1.1333423
2489400 0.33451048
2493000 -0.6646547
2496600 -1.5836157
2500200 -2.3313284
2503800 -2.8033435
2507400 -2.8065753
2511000 -2.2556634
2514600 -1.2320471
2518200 -0.04007508
2521800 0.9675937
2525400 1.5030973
2529000 1.4886571
2532600 0.98584133
2536200 0.10089712
2539800 -0.90573174
2543400 -1.7436019
2547000 -2.367479
2550600 -2.6083214
2554200 -2.3039024
2557800 -1.4482931
2561400 -0.27155793
2565000 0.8665087
2568600 1.6302087
2572200 1.8269339
2575800 1.4501072
2579400 0.6111941
2583000 -0.5099464
2586600 -1.5774182
2590200 -2.4419038
2593800 -2.984505
2597400 -3.0034106
2601000 -2.3639557
2604600 -1.1610018
2608200 0.24588987
2611800 1.443258
2615400 2.0869238
2619000 2.091464
2622600 1.5403647
2626200 0.55289394
2629800 -0.65573037
2633400 -1.6477617
2637000 -2.4141269
2640600 -2.7410698
2644200 -2.3975585
2647800 -1.4448644
2651400 -0.1060085
2655000 1.2124674
2658600 2.0868313
2662200 2.2633638
2665800 1.7339189
2669400 0.67894876
2673000 -0.61438495
2676600 -1.8023916
2680200 -2.7643225
2683800 -3.4013126
2687400 -3.4380271
2691000 -2.707979
2694600 -1.2683657
2698200 0.37391892
2701800 1.7144758
2705400 2.338054
2709000 2.149474
2712600 1.3379283
2716200 0.077988945
2719800 -1.2784603
2723400 -2.3569472
2727000 -3.1840024
2730600 -3.493139
2734200 -2.9869475
2737800 -1.6655445
2741400 0.063091345
2745000 1.6370597
2748600 2.568956
2752200 2.62411
2755800 1.9228493
2759400 0.6776048
2763000 -0.89090663
2766600 -2.1965895
2770200 -3.2389033
2773800 -3.8690455
2777400 -3.7103317
2781000 -2.6645164
2784600 -0.94545025
2788200 0.9074528
2791800 2.2968142
2795400 2.7983694
2799000 2.4237669
2802600 1.4091492
2806200 -0.14438146
2809800 -1.647287
2813400 -2.788015
2817000 -3.6582222
2820600 -3.8673692
2824200 -3.1500778
2827800 -1.5706524
2831400 0.3884806
2835000 2.066053
2838600 2.9164948
2842200 2.7751007
2845800 1.8851339
2849400 0.399439
2853000 -1.3097965
2856600 -2.6440485
2860200 -3.701031
2863800 -4.2383847
2867400 -3.8268435
2871000 -2.4206672
2874600 -0.400501
2878200 1.6036304
2881800 2.9119701
2885400 3.148327
2889000 2.5185144
2892600 1.2486403
2896200 -0.547747
2899800 -2.0664177
2903400 -3.2433004
2907000 -4.082409
2910600 -4.061764
2914200 -2.9983916
2917800 -1.0896243
2921400 1.0673381
2925000 2.7116706
2928600 3.3196323
2932200 2.9317532
2935800 1.8122941
2939400 0.06983196
2943000 -1.6596109
2946600 -2.9727569
2950200 -4.0116873
2953800 -4.3464932
2957400 -3.6204894
2961000 -1.8817075
2964600 0.36083233
2968200 2.356816
2971800 3.4312718
2975400 3.3724513
2979000 2.4660006
2982600 0.9149361
2986200 -0.9857428
2989800 -2.460754
2993400 -3.6537073
2997000 -4.386436
3000600 -4.126248
3004200 -2.750279
3007800 -0.5704274
3011400 1.6600269
3015000 3.1765418
3018600 3.5235758
3022200 2.8893702
3025800 1.587414
3029400 -0.324266
3033000 -2.0047514
3036600 -3.2892544
3040200 -4.2380824
3043800 -4.301599
3047400 -3.2444801
3051000 -1.250757
3054600 1.0650076
3058200 2.8979006
3061800 3.6362467
3065400 3.2826836
3069000 2.1588566
3072600 0.36147952
3076200 -1.5031065
3079800 -2.9075317
3083400 -4.0645185
3087000 -4.606134
3090600 -4.059705
3094200 -2.370593
3097800 -0.048582733
3101400 2.1113467
3105000 3.3589017
3108600 3.4130936
3112200 2.5823839
3115800 1.129656
3119400 -0.75410306
3123000 -2.2475321
3126600 -3.370967
3130200 -4.081488
3133800 -3.8294277
3137400 -2.4604828
3141000 -0.25853738
3144600 2.0962534
3148200 3.7695498
3151800 4.2863684
3155400 3.8729138
3159000 2.5303671
3162600 0.5042113
3166200 -1.21493
3169800 -2.5770662
3173400 -3.7749166
3177000 -4.3325033
3180600 -3.6925104
3184200 -1.9363854
3187800 0.32677406
3191400 2.2992
3195000 3.2690885
3198600 3.044896
3202200 2.0013914
3205800 0.42640886
3209400 -1.4132652
3213000 -2.7889569
3216600 -3.8466074
3220200 -4.3689256
3223800 -3.7640464
3227400 -2.0888886
3231000 0.15376846
3234600 2.2776017
3238200 3.512478
3241800 3.63118
3245400 2.8526375
3249000 1.4250768
3252600 -0.53083134
3256200 -2.0958774
3259800 -3.3937507
3263400 -4.32529
3267000 -4.3754983
3270600 -3.2763321
3274200 -1.2862629
3277800 0.96872956
3281400 2.7143013
3285000 3.3767316
3288600 3.0014567
3292200 1.944318
3295800 0.25341213
3299400 -1.4341667
3303000 -2.6863084
3306600 -3.6683514
3310200 -3.9558017
3313800 -3.1968307
3317400 -1.5065761
3321000 0.6230407
3324600 2.462151
3328200 3.4186351
3331800 3.3764672
3335400 2.5354228
3339000 1.0283667
3342600 -0.7627601
3346200 -2.186473
3349800 -3.3835459
3353400 -4.084548
3357000 -3.87847
3360600 -2.6926873
3364200 -0.7341831
3367800 1.2803674
3371400 2.6852229
3375000 3.101947
3378600 2.6547623
3382200 1.5885342
3385800 -0.032890163
3389400 -1.4921422
3393000 -2.6037393
3396600 -3.4423115
3400200 -3.5516422
3403800 -2.7020435
3407400 -1.0168707
3411000 0.972862
3414600 2.56516
3418200 3.3227296
3421800 3.1809201
3425400 2.330441
3429000 0.85397035
3432600 -0.7647989
3436200 -2.052604
3439800 -3.140507
3443400 -3.7125213
3447000 -3.4976144
3450600 -2.3422048
3454200 -0.5303668
3457800 1.2832288
3461400 2.519577
3465000 2.8387709
3468600 2.3679175
3472200 1.303533
3475800 -0.1792119
3479400 -1.488877
3483000 -2.5144298
3486600 -3.2349162
3490200 -3.2699766
3493800 -2.47881
3497400 -0.9322184
3501000 0.842799
3504600 2.247595
3508200 2.8914688
3511800 2.7250414
3515400 1.9070443
3519000 0.53929037
3522600 -0.91906166
3526200 -2.1136315
3529800 -3.0932589
3533400 -3.587409
3537000 -3.3107204
3540600 -2.2103088
3544200 -0.58470833
3547800 1.0258597
3551400 2.1328626
3555000 2.4559846
3558600 2.1040905
3562200 1.1989964
3565800 -0.11374951
3569400 -1.3047882
3573000 -2.2237048
3576600 -2.8523161
3580200 -2.8746903
3583800 -2.137594
3587400 -0.7484994
3591000 0.8361458
3594600 2.0837314
3598200 2.7037013
3601800 2.6184695
3605400 1.9039404
3609000 0.67939085
3612600 -0.6526884
3616200 -1.7860079
3619800 -2.7302542
3623400 -3.2354302
3627000 -3.0940077
3630600 -2.1819887
3634200 -0.7307973
3637800 0.7862916
3641400 1.9148645
3645000 2.332326
3648600 2.0933292
3652200 1.3106245
3655800 0.12408963
3659400 -1.0261334
3663000 -1.9386019
3666600 -2.6314642
3670200 -2.7910416
3673800 -2.23631
3677400 -1.0300579
3681000 0.45669943
3684600 1.6994929
3688200 2.4421976
3691800 2.476633
3695400 1.9127575
3699000 0.8294769
3702600 -0.44263116
3706200 -1.5626853
3709800 -2.4764876
3713400 -3.0199504
3717000 -2.9733891
3720600 -2.1855252
3724200 -0.8155666
3727800 0.6675615
3731400 1.8600905
3735000 2.4506233
3738600 2.339909
3742200 1.6349277
3745800 0.53768176
3749400 -0.60228103
3753000 -1.5547339
3756600 -2.3090987
3760200 -2.6467195
3763800 -2.3129554
3767400 -1.2272757
3771000 0.22083913
3774600 1.5586414
3778200 2.3984582
3781800 2.5301197
3785400 2.023344
3789000 0.99533004
3792600 -0.33018085
3796200 -1.5330068
3799800 -2.4982443
3803400 -3.1256027
3807000 -3.1174073
3810600 -2.4063606
3814200 -1.012004
3817800 0.5600177
3821400 1.8673339
3825000 2.50868
3828600 2.4454978
3832200 1.8297626
3835800 0.701408
3839400 -0.54685116
3843000 -1.5870615
3846600 -2.4382396
3850200 -2.8228168
3853800 -2.4811673
3857400 -1.4094626
3861000 0.09727138
3864600 1.5368271
3868200 2.4754248
3871800 2.68554
3875400 2.2009282
3879000 1.1447741
3882600 -0.19291735
3886200 -1.4201089
3889800 -2.4466321
3893400 -3.1518707
3897000 -3.2863576
3900600 -2.6087537
3904200 -1.2218279
3907800 0.40282753
3911400 1.7611767
3915000 2.4673543
3918600 2.4114065
3922200 1.6646411
3925800 0.45298925
3929400 -0.8313003
3933000 -1.8304183
3936600 -2.5425868
3940200 -2.8058193
3943800 -2.3051631
3947400 -1.038392
3951000 0.62183475
3954600 2.2397718
3958200 3.3031178
3961800 3.4888866
3965400 2.8112564
3969000 1.5403516
3972600 -0.0043215817
3976200 -1.3453499
3979800 -2.4696636
3983400 -3.2293344
3987000 -3.319436
3990600 -2.567391
3994200 -1.0311121
3997800 0.68362194
4001400 2.0382328
4005000 2.68098
4008600 2.492032
4012200 1.6955596
4015800 0.37655628
4019400 -1.0194278
4023000 -2.0851226
4026600 -2.8540976
4030200 -3.079954
4033800 -2.4060948
4037400 -0.99318653
4041000 0.75898856
4044600 2.1436117
4048200 2.9476242
4051800 2.9441588
4055400 2.2896965
4059000 1.0435754
4062600 -0.47446752
4066200 -1.7678157
4069800 -2.7430449
4073400 -3.203543
4077000 -2.664296
4080600 -1.3915633
4084200 0.19784833
4087800 1.8611152
4091400 3.1597533
4095000 3.4322147
4098600 2.8842876
4102200 1.6473575
4105800 0.050039314
4109400 -1.403761
4113000 -2.6276433
4116600 -3.5053935
4120200 -3.675514
4123800 -2.881361
4127400 -1.2613294
4131000 0.6082082
4134600 2.1713445
4138200 2.9047954
4141800 2.7233348
4145400 1.8850735
4149000 0.4881021
4152600 -1.023929
4156200 -2.1904411
4159800 -3.1237907
4163400 -3.5274198
4167000 -2.9994988
4170600 -1.5882767
4174200 0.29090106
4177800 1.9555765
4181400 2.9022944
4185000 2.9417944
4188600 2.2445214
4192200 0.95564276
4195800 -0.6332342
4199400 -1.9484942
4203000 -3.0093176
4206600 -3.6284938
4210200 -3.4106882
4213800 -2.2726488
4217400 -0.486287
4221000 1.3530803
4224600 2.6003547
4228200 2.9548113
4231800 2.4853299
4235400 1.3995644
4239000 -0.1295201
4242600 -1.4696126
4246200 -2.4762723
4249800 -3.1396554
4253400 -3.0455852
4257000 -2.025389
4260600 -0.32046366
4264200 1.5661701
4267800 2.9884708
4271400 3.562298
4275000 3.2562253
4278600 2.2509525
4282200 0.6828005
4285800 -0.8354366
4289400 -2.095107
4293000 -3.068764
4296600 -3.3952973
4300200 -2.807272
4303800 -1.3135446
4307400 0.68157244
4311000 2.4451592
4314600 3.4456067
4318200 3.3304381
4321800 2.6110573
4325400 1.2858012
4329000 -0.25649217
4332600 -1.4213461
4336200 -2.255251
4339800 -2.6388447
4343400 -2.3280184
4347000 -1.1417563
4350600 0.5661904
4354200 2.1800978
4357800 3.182461
4361400 3.3901253
4365000 2.761475
4368600 1.470674
4372200 -0.12958033
4375800 -1.5433561
4379400 -2.7226644
4383000 -3.4570205
4386600 -3.5056257
4390200 -2.592671
4393800 -0.9128648
4397400 0.91666937
4401000 2.3059602
4404600 2.8418608
4408200 2.5247307
4411800 1.582553
4415400 0.18789235
4419000 -1.1507213
4422600 -2.177657
4426200 -2.9027236
4429800 -3.0459826
4433400 -2.3041818
4437000 -0.8037445
4440600 1.0113688
4444200 2.452856
4447800 3.0920262
4451400 2.9110932
4455000 2.0274367
4458600 0.5982289
4462200 -0.8405354
4465800 -1.9699544
4469400 -2.8479815
4473000 -3.1492662
4476600 -2.647093
4480200 -1.3389319
4483800 0.37047392
4487400 2.0115874
4491000 3.084954
4494600 3.3048115
4498200 2.6016276
4501800 1.327855
4505400 -0.18686809
4509000 -1.4559779
4512600 -2.4462829
4516200 -2.961638
4519800 -2.7194033
4523400 -1.6313401
4527000 -0.022505466
4530600 1.5937381
4534200 2.7773976
4537800 3.1231885
4541400 2.6796718
4545000 1.6358268
4548600 0.18417357
4552200 -1.1349884
4555800 -2.1643984
4559400 -2.846404
4563000 -2.808218
4566600 -2.0350242
4570200 -0.6495092
4573800 0.91656786
4577400 2.062611
4581000 2.5403292
4584600 2.3064597
4588200 1.4574332
4591800 0.17905831
4595400 -1.0396723
4599000 -1.9434998
4602600 -2.582574
4606200 -2.619514
4609800 -1.9651455
4613400 -0.6023582
4617000 1.0277803
4620600 2.3642642
4624200 3.0127418
4627800 2.8881085
4631400 2.0598078
4635000 0.781804
4638600 -0.59048814
4642200 -1.7055213
4645800 -2.6374755
4649400 -3.1299212
4653000 -2.8701956
4656600 -1.8570625
4660200 -0.3140226
4663800 1.2188072
4667400 2.1948764
4671000 2.436245
4674600 1.9835007
4678200 1.0226095
4681800 -0.2761189
4685400 -1.4135777
4689000 -2.2763257
4692600 -2.8150945
4696200 -2.707145
4699800 -1.787276
4703400 -0.32253015
4707000 1.2196578
4710600 2.5038793
4714200 3.0924895
4717800 2.9893823
4721400 2.1930664
4725000 0.8698723
4728600 -0.42024535
4732200 -1.4545097
4735800 -2.249915
4739400 -2.4155073
4743000 -1.9190814
4746600 -0.7544348
4750200 0.6943479
4753800 1.9749295
4757400 2.7545898
4761000 2.894457
4764600 2.3608954
4768200 1.4322199
4771800 0.3068341
4775400 -0.71256524
4779000 -1.4617935
4782600 -1.7698944
4786200 -1.4228209
4789800 -0.52824295
4793400 0.7352689
4797000 1.8901939
4800600 2.658295
4804200 2.8586042
4807800 2.5427756
4811400 1.7372966
4815000 0.6811299
4818600 -0.38791466
4822200 -1.3116128
4825800 -1.9603825
4829400 -2.0222826
4833000 -1.4758041
4836600 -0.34315544
4840200 0.91616285
4843800 1.9114428
4847400 2.4000843
4851000 2.2753744
4854600 1.6353168
4858200 0.6034336
4861800 -0.49315917
4865400 -1.3982593
4869000 -2.0575314
4872600 -2.2517934
4876200 -1.8250672
4879800 -0.80621237
4883400 0.50151575
4887000 1.6539743
4890600 2.3647943
4894200 2.4863238
4897800 2.0227678
4901400 1.0955303
4905000 -0.046253882
4908600 -1.079764
4912200 -1.9359931
4915800 -2.4879885
4919400 -2.4890192
4923000 -1.8439559
4926600 -0.67020476
4930200 0.62985516
4933800 1.6626258
4937400 2.1552243
4941000 2.087234
4944600 1.500053
4948200 0.5247982
4951800 -0.49561128
4955400 -1.3370589
4959000 -1.9786584
4962600 -2.2329621
4966200 -1.9073572
4969800 -1.0065683
4973400 0.18167149
4977000 1.2737036
4980600 1.9705144
4984200 2.1050024
4987800 1.7038872
4991400 0.85860664
4995000 -0.20325513
4998600 -1.1699835
5002200 -1.9135633
5005800 -2.3450158
5009400 -2.2618804
5013000 -1.5786824
5016600 -0.3878531
5020200 0.8679858
5023800 2.011042
5027400 2.612446
5031000 2.6163955
5034600 2.1591268
5038200 1.3691152
5041800 0.5054643
5045400 -0.2265945
5049000 -0.8488056
5052600 -1.1331134
5056200 -0.9572091
5059800 -0.21332121
5063400 0.83827734
5067000 1.8484251
5070600 2.5259368
5074200 2.7081738
5077800 2.3336
5081400 1.4923916
5085000 0.34772328
5088600 -0.6956008
5092200 -1.6048988
5095800 -2.288621
5099400 -2.485069
5103000 -2.1053069
5106600 -1.1241697
5110200 0.17585856
5113800 1.395882
5117400 2.1390402
5121000 2.2744412
5124600 1.8534197
5128200 0.9821298
5131800 -0.13865244
5135400 -1.1564124
5139000 -1.9742675
5142600 -2.451069
5146200 -2.3440218
5149800 -1.5369707
5153400 -0.29490978
5157000 1.0357294
5160600 2.071229
5164200 2.504375
5167800 2.2897875
5171400 1.5071889
5175000 0.30449495
5178600 -0.9126156
5182200 -1.9358696
5185800 -2.734125
5189400 -3.0384498
5193000 -2.6169672
5196600 -1.470872
5200200 0.026999608
5203800 1.4251432
5207400 2.2949326
5211000 2.449698
5214600 1.9374965
5218200 0.8913347
5221800 -0.43160072
5225400 -1.6000822
5229000 -2.5137982
5232600 -3.0869381
5236200 -3.0062246
5239800 -2.1347907
5243400 -0.66618913
5247000 0.9450617
5250600 2.184135
5254200 2.703461
5257800 2.5019152
5261400 1.6716291
5265000 0.38111484
5268600 -0.9091925
5272200 -1.9626162
5275800 -2.7179317
5279400 -2.9091299
5283000 -2.3109035
5286600 -0.9631711
5290200 0.71712625
5293800 2.2559922
5297400 3.2386665
5301000 3.4727628
5304600 2.916188
5308200 1.7038586
5311800 0.14852317
5315400 -1.3910758
5319000 -2.5924463
5322600 -3.3211722
5326200 -3.3051214
5329800 -2.332436
5333400 -0.6711542
5337000 1.1698111
5340600 2.5480423
5344200 3.013903
5347800 2.6427054
5351400 1.6692783
5355000 0.14688732
5358600 -1.3308288
5362200 -2.4958708
5365800 -3.3458076
5369400 -3.5346458
5373000 -2.7713337
5376600 -1.1888034
5380200 0.7310558
5383800 2.3925138
5387400 3.3383958
5391000 3.3477397
5394600 2.6414602
5398200 1.2341324
5401800 -0.499901
5405400 -1.9203644
5409000 -3.0533202
5412600 -3.6501122
5416200 -3.2897918
5419800 -1.90807
5423400 0.06582126
5427000 2.0702388
5430600 3.3759215
5434200 3.663818
5437800 3.0830677
5441400 1.8093076
5445000 0.024337307
5448600 -1.5307894
5452200 -2.793253
5455800 -3.6838212
5459400 -3.7766988
5463000 -2.7979348
5466600 -0.92320824
5470200 1.2627133
5473800 3.023384
5477400 3.7763748
5481000 3.5477006
5484600 2.5516067
5488200 0.88972265
5491800 -0.79812676
5495400 -2.0904834
5499000 -3.1741939
5502600 -3.6167922
5506200 -3.1925342
5509800 -1.6280959
5513400 0.5067834
5517000 2.5636506
5520600 3.8206446
5524200 3.959202
5527800 3.1668103
5531400 1.6951909
5535000 -0.21629052
5538600 -1.807648
5542200 -3.0763483
5545800 -3.8771238
5549400 -3.7170076
5553000 -2.3926618
5556600 -0.23398137
5560200 2.0376554
5563800 3.6405277
5567400 4.126955
5571000 3.6308243
5574600 2.3678527
5578200 0.41763344
5581800 -1.340604
5585400 -2.8000143
5589000 -3.9415693
5592600 -4.2916584
5596200 -3.519187
5599800 -1.6193409
5603400 0.76679075
5607000 2.80168
5610600 3.8763359
5614200 3.8214698
5617800 2.938304
5621400 1.3511294
5625000 -0.5117704
5628600 -1.9674922
5632200 -3.1149788
5635800 -3.671102
5639400 -3.1777468
5643000 -1.5463568
5646600 0.70614815
5650200 2.9104526
5653800 4.2332625
5657400 4.4862657
5661000 3.820666
5664600 2.3957517
5668200 0.5370303
5671800 -1.1388354
5675400 -2.5606973
5679000 -3.5063517
5682600 -3.5831475
5686200 -2.469514
5689800 -0.49075022
5693400 1.7339445
5697000 3.4493215
5700600 4.0490336
5704200 3.5997179
5707800 2.4011943
5711400 0.51734924
5715000 -1.2830309
5718600 -2.7335627
5722200 -3.851123
5725800 -4.187331
5729400 -3.3630226
5733000 -1.3741531
5736600 1.0277597
5740200 3.1385527
5743800 4.15094
5747400 4.0252447
5751000 3.1038146
5754600 1.4170374
5758200 -0.53510886
5761800 -2.1006
5765400 -3.462634
5769000 -4.2656064
5772600 -4.061788
5776200 -2.6753526
5779800 -0.4320142
5783400 1.8208472
5787000 3.3815823
5790600 3.7500813
5794200 3.1186242
5797800 1.8464916
5801400 -0.060729288
5805000 -1.725344
5808600 -3.0169501
5812200 -3.9714456
5815800 -4.0447135
5819400 -2.9538465
5823000 -0.91956145
5826600 1.4024945
5830200 3.2124097
5833800 3.960527
5837400 3.6653218
5841000 2.6133375
5844600 0.8747959
5848200 -0.9083806
5851800 -2.3015623
5855400 -3.4410145
5859000 -3.942767
5862600 -3.401094
5866200 -1.7247509
5869800 0.441416
5873400 2.5340552
5877000 3.6408112
5880600 3.777613
5884200 3.079648
5887800 1.6985213
5891400 -0.086249284
5895000 -1.5181506
5898600 -2.6809833
5902200 -3.352466
5905800 -3.082738
5909400 -1.8302486
5913000 0.13922243
5916600 2.2508764
5920200 3.692366
5923800 4.20127
5927400 3.7834713
5931000 2.6254914
5934600 0.873108
5938200 -0.73741364
5941800 -2.020789
5945400 -2.991033
5949000 -3.306086
5952600 -2.5992036
5956200 -1.0868105
5959800 0.82993835
5963400 2.5023613
5967000 3.4294124
5970600 3.4151661
5974200 2.704539
5977800 1.4045782
5981400 -0.064675294
5985000 -1.3422194
5988600 -2.3612978
5992200 -2.8612225
5995800 -2.5725424
5999400 -1.3159279
6003000 0.4061075
6006600 2.1205583
6010200 3.237125
6013800 3.4681253
6017400 2.908576
6021000 1.7272658
6024600 0.17829417
6028200 -1.1828076
6031800 -2.3432555
6035400 -3.1845822
6039000 -3.3207362
6042600 -2.5984032
6046200 -1.0737691
6049800 0.6513717
6053400 2.1035237
6057000 2.8281543
6060600 2.7532365
6064200 2.0501196
6067800 0.7987426
6071400 -0.5570712
6075000 -1.6752932
6078600 -2.579634
6082200 -3.000067
6085800 -2.6602166
6089400 -1.5250981
6093000 0.07588168
6096600 1.5858606
6100200 2.5560632
6103800 2.7587054
6107400 2.271368
6111000 1.241866
6114600 -0.13796178
6118200 -1.3427356
6121800 -2.3429778
6125400 -3.031716
6129000 -3.1258554
6132600 -2.445505
6136200 -1.0756035
6139800 0.4562921
6143400 1.7507467
6147000 2.4211211
6150600 2.347684
6154200 1.7050687
6157800 0.58714896
6161400 -0.6182637
6165000 -1.5769677
6168600 -2.3294377
6172200 -2.70244
6175800 -2.3808558
6179400 -1.4140366
6183000 -0.008579471
6186600 1.3310149
6190200 2.2290747
6193800 2.4915004
6197400 2.1343734
6201000 1.238489
6204600 0.047703005
6208200 -1.06565
6211800 -1.9983733
6215400 -2.6732688
6219000 -2.8288774
6222600 -2.3445594
6226200 -1.2548418
6229800 0.054773703
6233400 1.2034824
6237000 1.8834352
6240600 1.9792204
6244200 1.5275961
6247800 0.64156675
6251400 -0.42466155
6255000 -1.3468713
6258600 -2.0454278
6262200 -2.4167824
6265800 -2.2073023
6269400 -1.3839282
6273000 -0.15144064
6276600 1.0889004
6280200 1.9963988
6283800 2.330162
6287400 2.0668256
6291000 1.3176713
6294600 0.22634174
6298200 -0.8789597
6301800 -1.8090109
6305400 -2.5260203
6309000 -2.7960908
6312600 -2.4649017
6316200 -1.5150223
6319800 -0.23795141
6323400 1.0053713
6327000 1.8202864
6330600 2.0483704
6334200 1.7253724
6337800 0.95748633
6341400 -0.1038618
6345000 -1.0843569
6348600 -1.9176954
6352200 -2.497162
6355800 -2.5505705
6359400 -1.9728618
6363000 -0.8735019
6366600 0.36703235
6370200 1.3853763
6373800 1.9045234
6377400 1.8405002
6381000 1.2395314
6384600 0.26310065
6388200 -0.8235658
6391800 -1.7579461
6395400 -2.4840968
6399000 -2.8040419
6402600 -2.520379
6406200 -1.5920444
6409800 -0.28992838
6413400 1.0073054
6417000 1.9062936
6420600 2.1909833
6424200 1.8871083
6427800 1.0912482
6431400 -0.014525459
6435000 -1.0660748
6438600 -1.9093934
6442200 -2.4889684
6445800 -2.5216014
6449400 -1.9124583
6453000 -0.74085146
6456600 0.6096675
6460200 1.7770377
6463800 2.422395
6467400 2.4187992
6471000 1.8122143
6474600 0.7616189
6478200 -0.42961505
6481800 -1.412232
6485400 -2.2800713
6489000 -2.712868
6492600 -2.4356725
6496200 -1.4431518
6499800 0.002458868
6503400 1.377408
6507000 2.3215926
6510600 2.5547235
6514200 2.1523578
6517800 1.2068619
6521400 -0.06588667
6525000 -1.2430553
6528600 -2.2037218
6532200 -2.8590086
6535800 -2.9273503
6539400 -2.254481
6543000 -0.9102776
6546600 0.63950115
6550200 1.8809743
6553800 2.475421
6557400 2.342597
6561000 1.6019909
6564600 0.41599497
6568200 -0.87543964
6571800 -1.941857
6575400 -2.7469625
6579000 -3.049496
6582600 -2.6090002
6586200 -1.3903338
6589800 0.21474297
6593400 1.687173
6597000 2.5863593
6600600 2.7049468
6604200 2.1129472
6607800 0.9825206
6611400 -0.41803956
6615000 -1.6484334
6618600 -2.6337867
6622200 -3.1970327
6625800 -3.0777917
6629400 -2.1119416
6633000 -0.53742504
6636600 1.1184773
6640200 2.3521404
6643800 2.790581
6647400 2.4639666
6651000 1.5397877
6654600 0.17250516
6658200 -1.150832
6661800 -2.2137609
6665400 -2.9479177
6669000 -3.034367
6672600 -2.244836
6676200 -0.7078409
6679800 1.0522885
6683400 2.4549341
6687000 3.080337
6690600 2.9414468
6694200 2.1264045
6697800 0.7858252
6701400 -0.62017554
6705000 -1.7919948
6708600 -2.751705
6712200 -3.152837
6715800 -2.7543855
6719400 -1.4682977
6723000 0.24351278
6726600 1.8227329
6730200 2.7650316
6733800 2.8478894
6737400 2.1998537
6741000 0.9764722
6744600 -0.5134497
6748200 -1.7526426
6751800 -2.6874585
6755400 -3.1613653
6759000 -2.8221495
6762600 -1.5972793
6766200 0.15905105
6769800 1.9221171
6773400 3.0623817
6777000 3.332286
6780600 2.831214
6784200 1.7069895
6787800 0.15428789
6791400 -1.2462902
6795000 -2.4019349
6798600 -3.2315814
6802200 -3.313415
6805800 -2.4515557
6809400 -0.831982
6813000 1.0186691
6816600 2.4634995
6820200 3.0457175
6823800 2.7616
6827400 1.843537
6831000 0.39091477
6834600 -1.0626252
6838200 -2.1800222
6841800 -3.013906
6845400 -3.171072
6849000 -2.4173372
6852600 -0.8345705
6856200 1.0458069
6859800 2.600855
6863400 3.356352
6867000 3.250228
6870600 2.4206333
6874200 0.9884513
6877800 -0.5945203
6881400 -1.8955919
6885000 -2.9708269
6888600 -3.4861157
6892200 -3.1206963
6895800 -1.8129737
6899400 0.027317634
6903000 1.79326
6906600 2.8809295
6910200 3.010246
6913800 2.370757
6917400 1.1541975
6921000 -0.42397603
6924600 -1.7235421
6928200 -2.7303393
6931800 -3.319243
6935400 -3.0464458
6939000 -1.8502543
6942600 -0.021417186
6946200 1.8378394
6949800 3.1013541
6953400 3.4309773
6957000 2.9357305
6960600 1.7881267
6964200 0.1583763
6967800 -1.300373
6971400 -2.478277
6975000 -3.3129616
6978600 -3.4005628
6982200 -2.5081818
6985800 -0.85435975
6989400 1.0412188
6993000 2.5294065
6996600 3.1281316
7000200 2.873167
7003800 1.9318895
7007400 0.42590976
7011000 -1.0617372
7014600 -2.2046177
7018200 -3.0796971
7021800 -3.273622
7025400 -2.5352247
7029000 -0.98393273
7032600 0.90283746
7036200 2.4878113
7039800 3.2893627
7043400 3.2223308
7047000 2.4034057
7050600 0.9746202
7054200 -0.6367776
7057800 -1.9672337
7061400 -3.0387087
7065000 -3.5503254
7068600 -3.1644459
7072200 -1.8573649
7075800 -0.016178057
7079400 1.7538869
7083000 2.8431506
7086600 2.9969187
7090200 2.361431
7093800 1.1617604
7097400 -0.43612257
7101000 -1.7563763
7104600 -2.7989762
7108200 -3.4493992
7111800 -3.2659543
7115400 -2.1632226
7119000 -0.4091323
7122600 1.4122909
7126200 2.682086
7129800 3.0707264
7133400 2.6220796
7137000 1.5361127
7140600 -0.055799197
7144200 -1.5208914
7147800 -2.6853626
7151400 -3.547138
7155000 -3.6941779
7158600 -2.951128
7162200 -1.3957933
7165800 0.45407322
7169400 1.979556
7173000 2.7012737
7176600 2.5368154
7180200 1.7018124
7183800 0.3519744
7187400 -1.1110011
7191000 -2.226228
7194600 -3.062712
7198200 -3.3217857
7201800 -2.6990867
7205400 -1.286312
7209000 0.5351758
7212600 2.1305454
7216200 3.0365143
7219800 3.0943325
7223400 2.4036806
7227000 1.122574
7230600 -0.41259396
7234200 -1.6756524
7237800 -2.7092702
7241400 -3.2971945
7245000 -3.124574
7248600 -2.0984206
7252200 -0.49703765
7255800 1.16972
7259400 2.3521917
7263000 2.7184048
7266600 2.3003569
7270200 1.3078912
7273800 -0.10148516
7277400 -1.390151
7281000 -2.364218
7284600 -3.0186806
7288200 -2.9959207
7291800 -2.153214
7295400 -0.64778256
7299000 1.0148305
7302600 2.3183732
7306200 2.872119
7309800 2.662681
7313400 1.7922213
7317000 0.42469034
7320600 -0.9781038
7324200 -2.0990877
7327800 -2.9819226
7331400 -3.334723
7335000 -2.9429088
7338600 -1.8078735
7342200 -0.22728875
7345800 1.244329
7349400 2.172778
7353000 2.3263152
7356600 1.806063
7360200 0.79692084
7363800 -0.4935396
7367400 -1.4441588
7371000 -2.1649265
7374600 -2.5848308
7378200 -2.4967132
7381800 -1.6448774
7385400 -0.29907736
7389000 1.1105697
7392600 2.177056
7396200 2.5608444
7399800 2.2403998
7403400 1.3340342
7407000 0.054810137
7410600 -1.2189473
7414200 -2.2820663
7417800 -3.0455937
7421400 -3.2977698
7425000 -2.7925134
7428600 -1.6430041
7432200 -0.1739839
7435800 1.1522729
7439400 1.9411311
7443000 2.01396
7446600 1.5095241
7450200 0.5457944
7453800 -0.6411958
7457400 -1.6409787
7461000 -2.3718958
7464600 -2.765462
7468200 -2.5257022
7471800 -1.6376157
7475400 -0.31933838
7479000 1.0084169
7482600 1.9392712
7486200 2.2589545
7489800 1.9721218
7493400 1.1935928
7497000 0.028733166
7500600 -1.0789292
7504200 -1.9853574
7507800 -2.639743
7511400 -2.810596
7515000 -2.3771844
7518600 -1.3804457
7522200 -0.09137006
7525800 1.1122642
7529400 1.8370982
7533000 1.9500761
7536600 1.5117012
7540200 0.6717087
7543800 -0.4148378
7547400 -1.3656925
7551000 -2.1280138
7554600 -2.5663438
7558200 -2.480071
7561800 -1.742678
7565400 -0.33695772
7569000 0.91667306
7572600 1.8549044
7576200 2.3115075
7579800 2.2470984
7583400 1.5522059
7587000 0.47127306
7590600 -0.61885077
7594200 -1.5715606
7597800 -2.3982062
7601400 -2.8241072
7605000 -2.7302897
7608600 -1.9198818
7612200 -0.7079231
7615800 0.5391549
7619400 1.4803774
7623000 1.82218
7626600 1.6722841
7630200 1.0371739
7633800 0.1153886
7637400 -0.85855246
7641000 -1.5497961
7644600 -1.960388
7648200 -1.7654811
7651800 -1.0841249
7655400 -0.13143817
7659000 0.9896995
7662600 2.01612
7666200 2.5745728
7669800 2.5584037
7673400 2.0160918
7677000 1.053482
7680600 -0.10285688
7684200 -1.2274092
7687800 -2.1287968
7691400 -2.578077
7695000 -2.4343507
7698600 -1.674878
7702200 -0.37502563
7705800 1.0553409
7709400 2.1613333
7713000 2.6140978
7716600 2.4020078
7720200 1.6449023
7723800 0.5237897
7727400 -0.67348087
7731000 -1.6977097
7734600 -2.5228932
7738200 -2.9235463
7741800 -2.6590304
7745400 -1.7001331
7749000 -0.2846704
7752600 1.1847847
7756200 2.2067842
7759800 2.5188272
7763400 2.1609838
7767000 1.2452527
7770600 -0.035914745
7774200 -1.232574
7777800 -2.2229528
7781400 -2.9049375
7785000 -2.9501562
7788600 -2.2148054
7792200 -0.810034
7795800 0.7585277
7799400 2.085886
7803000 2.7552693
7806600 2.657421
7810200 1.8908306
7813800 0.5785168
7817400 -0.8792325
7821000 -2.080964
7824600 -3.026806
7828200 -3.4889896
7831800 -3.1858857
7835400 -1.9785528
7839000 -0.25764033
7842600 1.4750779
7846200 2.6525426
7849800 2.9454424
7853400 2.4652576
7857000 1.3806094
7860600 -0.16773915
7864200 -1.5791479
7867800 -2.7080326
7871400 -3.5122597
7875000 -3.5531943
7878600 -2.642123
7882200 -0.96537673
7885800 0.9189048
7889400 2.4170742
7893000 3.084208
7896600 2.8642793
7900200 1.9511439
7903800 0.4147784
7907400 -1.2329464
7911000 -2.5930824
7914600 -3.6793127
7918200 -4.2046223
7921800 -3.7413714
7925400 -2.2697046
7929000 -0.24894431
7932600 1.6836519
7936200 2.886613
7939800 3.0408714
7943400 2.3525414
7947000 1.0766363
7950600 -0.68654233
7954200 -2.186463
7957800 -3.3630881
7961400 -4.145761
7965000 -4.008873
7968600 -2.7758453
7972200 -0.7630053
7975800 1.4101546
7979400 2.998806
7983000 3.5293853
7986600 3.0829263
7990200 1.9520459
7993800 0.13750271
7997400 -1.6007439
8001000 -3.0025115
8004600 -4.121764
8008200 -4.4928603
8011800 -3.761103
8015400 -1.9432826
8019000 0.3331512
8022600 2.3684995
8026200 3.444112
8029800 3.3515794
8033400 2.4399529
8037000 0.8812371
8040600 -1.0403676
8044200 -2.5307205
8047800 -3.7368472
8051400 -4.402215
8055000 -3.961879
8058600 -2.3665395
8062200 -0.089780115
8065800 2.1876414
8069400 3.6278098
8073000 3.93123
8076600 3.2949045
8080200 1.9216788
8083800 -0.057678588
8087400 -1.7076364
8091000 -3.0523777
8094600 -4.000385
8098200 -4.0435686
8101800 -2.9182172
8105400 -0.7864653
8109000 1.5761598
8112600 3.4404168
8116200 4.1584563
8119800 3.8159878
8123400 2.7293727
8127000 0.87096727
8130600 -0.9466251
8134200 -2.4915967
8137800 -3.7188308
8141400 -4.167487
8145000 -3.424164
8148600 -1.531307
8152200 0.8228055
8155800 2.9805715
8159400 4.192637
8163000 4.260335
8166600 3.4597697
8170200 1.7780534
8173800 -0.19361347
8177400 -1.7799932
8181000 -3.102188
8184600 -3.865211
8188200 -3.5350049
8191800 -2.0164325
8195400 0.089458935
8199000 2.3066647
8202600 3.771492
8206200 4.0805993
8209800 3.396792
8213400 1.9738033
8217000 -0.04023594
8220600 -1.7802612
8224200 -3.2367678
8227800 -4.2573357
8231400 -4.3596
8235000 -3.2471194
8238600 -1.0958586
8242200 1.3768708
8245800 3.388969
8249400 4.202633
8253000 3.842702
8256600 2.6547425
8260200 0.739534
8263800 -1.2199001
8267400 -2.7529128
8271000 -4.046817
8274600 -4.6536694
8278200 -4.1199727
8281800 -2.3877046
8285400 -0.01415284
8289000 2.213107
8292600 3.5112536
8296200 3.5757656
8299800 2.7635736
8303400 1.3201469
8307000 -0.62954783
8310600 -2.168132
8314200 -3.3609078
8317800 -4.0330296
8321400 -3.6279597
8325000 -2.0802577
8328600 0.090375334
8332200 2.3168294
8335800 3.793423
8339400 4.1810384
8343000 3.579862
8346600 2.214975
8350200 0.22177264
8353800 -1.5159163
8357400 -2.9504616
8361000 -3.9825683
8364600 -4.221432
8368200 -3.3201385
8371800 -1.4076403
8375400 0.8435909
8379000 2.7560084
8382600 3.642173
8386200 3.3935502
8389800 2.3587968
8393400 0.6858043
8397000 -1.1423374
8400600 -2.4947827
8404200 -3.5696645
8407800 -3.9997592
8411400 -3.361438
8415000 -1.671338
8418600 0.5147945
8422200 2.4908564
8425800 3.567398
8429400 3.6253896
8433000 2.8654485
8436600 1.4153206
8440200 -0.39314112
8443800 -1.8485943
8447400 -3.0563471
8451000 -3.785481
8454600 -3.5785213
8458200 -2.3270748
8461800 -0.3897827
8465400 1.6015593
8469000 2.9909034
8472600 3.4074717
8476200 2.9738286
8479800 1.9575124
8483400 0.44065398
8487000 -1.0136455
8490600 -2.1903908
8494200 -2.9848502
8497800 -3.0599167
8501400 -2.2398312
8505000 -0.6050532
8508600 1.2274427
8512200 2.7941263
8515800 3.5846562
8519400 3.444651
8523000 2.6058943
8526600 1.2303671
8530200 -0.23991847
8533800 -1.4824477
8537400 -2.4629252
8541000 -2.9748669
8544600 -2.6245065
8548200 -1.4381317
8551800 0.20327324
8555400 1.7847698
8559000 2.770341
8562600 2.9653583
8566200 2.4398465
8569800 1.3292812
8573400 -0.055553086
8577000 -1.3110133
8580600 -2.3543038
8584200 -3.0255663
8587800 -3.056326
8591400 -2.2455444
8595000 -0.7795175
8598600 0.8286203
8602200 2.055867
8605800 2.584234
8609400 2.3990502
8613000 1.6369935
8616600 0.40978485
8620200 -0.8335251
8623800 -1.8361971
8627400 -2.6228688
8631000 -2.9133651
8634600 -2.5079951
8638200 -1.4025686
8641800 0.036946796
8645400 1.3565477
8649000 2.162728
8652600 2.3045018
8656200 1.8628143
8659800 0.96081173
8663400 -0.201522
8667000 -1.2204407
8670600 -2.040073
8674200 -2.5428667
8677800 -2.4207473
8681400 -1.6923832
8685000 -0.4766847
8688600 0.8118595
8692200 1.7913712
8695800 2.2386136
8699400 2.0670145
8703000 1.3866023
8706600 0.3590532
8710200 -0.6708055
8713800 -1.5322962
8717400 -2.1519084
8721000 -2.319663
8724600 -1.878917
8728200 -0.9118782
8731800 0.25999442
8735400 1.3296107
8739000 2.0167983
8742600 2.2156992
8746200 1.9114316
8749800 1.248824
8753400 0.3264822
8757000 -0.4721175
8760600 -1.0606793
8764200 -1.387903
8767800 -1.3511603
8771400 -0.7598502
8775000 0.18857579
8778600 1.1683861
8782200 1.9816201
8785800 2.3281636
8789400 2.2659485
8793000 1.7824116
8796600 1.0052568
8800200 0.12793572
8803800 -0.65592927
8807400 -1.2592293
8811000 -1.5606964
8814600 -1.495447
8818200 -0.9191393
8821800 -0.047199227
8825400 0.8379156
8829000 1.5212159
8832600 1.8456498
8836200 1.7425038
8839800 1.2005221
8843400 0.37723163
8847000 -0.45670033
8850600 -1.2194372
8854200 -1.7771368
8857800 -1.9778382
8861400 -1.8012141
8865000 -1.1221
8868600 -0.21420956
8872200 0.66874766
8875800 1.325227
8879400 1.5856797
8883000 1.4224123
8886600 0.91031986
8890200 0.13076831
8893800 -0.69319874
8897400 -1.3899487
8901000 -1.8288474
8904600 -1.9009618
8908200 -1.457534
8911800 -0.60530496
8915400 0.38380638
8919000 1.2650154
8922600 1.7769754
8926200 1.846353
8929800 1.431003
8933400 0.6197715
8937000 -0.3471597
8940600 -1.2610736
8944200 -1.9969933
8947800 -2.4109423
8951400 -2.3454988
8955000 -1.6662047
8958600 -0.6397232
8962200 0.48807365
8965800 1.3497423
8969400 1.7448988
8973000 1.6101116
8976600 1.0148287
8980200 0.0646537
8983800 -0.92989063
8987400 -1.7767767
8991000 -2.3864763
8994600 -2.5092125
8998200 -1.9865292
9001800 -0.88261306
9005400 0.42498118
9009000 1.5049618
9012600 2.1629984
9016200 2.3304527
9019800 1.9869473
9023400 1.0652694
9027000 -0.012999758
9030600 -1.0553004
9034200 -1.9082198
9037800 -2.4071794
9041400 -2.306623
9045000 -1.5138862
9048600 -0.27665266
9052200 1.1131299
9055800 2.1407318
9059400 2.4441547
9063000 2.1126509
9066600 1.2970545
9070200 0.1570384
9073800 -0.9516746
9077400 -1.8501178
9081000 -2.452037
9084600 -2.550253
9088200 -1.9508133
9091800 -0.7492274
9095400 0.6284377
9099000 1.7735305
9102600 2.358813
9106200 2.3021455
9109800 1.6265256
9113400 0.5317975
9117000 -0.64813673
9120600 -1.5889559
9124200 -2.245539
9127800 -2.39267
9131400 -1.8665259
9135000 -0.5164042
9138600 1.0065457
9142200 2.344905
9145800 3.0184095
9149400 3.0266516
9153000 2.46999
9156600 1.3895859
9160200 0.034562673
9163800 -1.1963347
9167400 -2.2029548
9171000 -2.6958158
9174600 -2.4788628
9178200 -1.5134865
9181800 -0.010944999
9185400 1.6098934
9189000 2.7273786
9192600 3.0441804
9196200 2.6052785
9199800 1.5601575
9203400 0.15148728
9207000 -1.1677754
9210600 -2.3217182
9214200 -3.120608
9217800 -3.2585185
9221400 -2.5807302
9225000 -1.1550488
9228600 0.51591635
9232200 1.9101844
9235800 2.615845
9239400 2.522434
9243000 1.7679873
9246600 0.51601446
9250200 -0.856598
9253800 -1.9922532
9257400 -2.8579454
9261000 -3.1694973
9264600 -2.6028993
9268200 -1.1881987
9271800 0.6084402
9275400 2.1871254
9279000 3.0274951
9282600 2.9901283
9286200 2.2338178
9289800 0.90621954
9293400 -0.63509285
9297000 -1.8705065
9300600 -2.8388138
9304200 -3.2382226
9307800 -2.8336725
9311400 -1.403072
9315000 0.38230044
9318600 2.108411
9322200 3.2016397
9325800 3.428969
9329400 2.9228137
9333000 1.7803684
9336600 0.20679037
9340200 -1.1693715
9343800 -2.2155123
9347400 -2.9048395
9351000 -2.7172606
9354600 -1.5895516
9358200 0.13195093
9361800 1.9138199
9365400 3.1917098
9369000 3.5710917
9372600 3.1298
9376200 2.0021644
9379800 0.4082547
9383400 -1.0829489
9387000 -2.352125
9390600 -3.2821631
9394200 -3.4926817
9397800 -2.7070637
9401400 -1.1030563
9405000 0.771265
9408600 2.325984
9412200 3.046779
9415800 2.814104
9419400 1.8699634
9423000 0.37820077
9426600 -1.193721
9430200 -2.434461
9433800 -3.3791447
9437400 -3.701153
9441000 -3.0542188
9444600 -1.5146213
9448200 0.48116612
9451800 2.2412577
9455400 3.2181585
9459000 3.190895
9462600 2.3497133
9466200 0.9035693
9469800 -0.7997098
9473400 -2.1877613
9477000 -3.2934437
9480600 -3.8842819
9484200 -3.5573812
9487800 -2.1807692
9491400 -0.21344389
9495000 1.75493
9498600 3.0271237
9502200 3.2672799
9505800 2.6474833
9509400 1.3970379
9513000 -0.3351247
9516600 -1.791787
9520200 -2.8984146
9523800 -3.6107502
9527400 -3.4181762
9531000 -2.2234678
9534600 -0.35030398
9538200 1.6469533
9541800 3.0628638
9545400 3.5302448
9549000 3.0824761
9552600 1.9429312
9556200 0.1951179
9559800 -1.4097779
9563400 -2.68335
9567000 -3.6364434
9570600 -3.807129
9574200 -2.9559953
9577800 -1.2108822
9581400 0.85854125
9585000 2.555773
9588600 3.29632
9592200 3.033914
9595800 2.0514934
9599400 0.47380927
9603000 -1.1948382
9606600 -2.4791973
9610200 -3.483325
9613800 -3.83959
9617400 -3.1877532
9621000 -1.5569417
9624600 0.51398146
9628200 2.3742898
9631800 3.370024
9635400 3.3464153
9639000 2.5122733
9642600 1.0366291
9646200 -0.7484736
9649800 -2.1683865
9653400 -3.3187075
9657000 -3.9847364
9660600 -3.7212062
9664200 -2.4357386
9667800 -0.49297827
9671400 1.506693
9675000 2.8464644
9678600 3.160864
9682200 2.581076
9685800 1.3646666
9689400 -0.33668745
9693000 -1.8035254
9696600 -2.9137557
9700200 -3.6846733
9703800 -3.629064
9707400 -2.5755801
9711000 -0.7817302
9714600 1.2339906
9718200 2.7229192
9721800 3.2702222
9725400 2.8928835
9729000 1.8357266
9732600 0.17087899
9736200 -1.4337676
9739800 -2.672823
9743400 -3.6482093
9747000 -3.920401
9750600 -3.2323313
9754200 -1.6603142
9757800 0.33712906
9761400 2.0849872
9765000 2.9880772
9768600 2.931455
9772200 2.1829767
9775800 0.85326934
9779400 -0.71676344
9783000 -1.9154177
9786600 -2.8195043
9790200 -3.204286
9793800 -2.7678351
9797400 -1.429046
9801000 0.31576902
9804600 1.9913678
9808200 3.0626454
9811800 3.2673278
9815400 2.6633408
9819000 1.4236362
9822600 -0.20016497
9826200 -1.624123
9829800 -2.7636478
9833400 -3.4897203
9837000 -3.4655259
9840600 -2.520459
9844200 -0.86977464
9847800 0.9327948
9851400 2.3270407
9855000 2.882205
9858600 2.614852
9862200 1.7301766
9865800 0.34011087
9869400 -1.0407066
9873000 -2.115148
9876600 -2.9481046
9880200 -3.1867442
9883800 -2.624475
9887400 -1.2220979
9891000 0.48126093
9894600 1.9906638
9898200 2.842169
9901800 2.8634708
9905400 2.2224429
9909000 1.0688256
9912600 -0.32609206
9916200 -1.4862995
9919800 -2.4322557
9923400 -2.9789631
9927000 -2.811099
9930600 -1.8793577
9934200 -0.4514106
9937800 1.0817997
9941400 2.2084913
9945000 2.6155868
9948600 2.2713032
9952200 1.3521867
9955800 0.0540073
9959400 -1.1649631
9963000 -2.1363738
9966600 -2.8435748
9970200 -3.0133238
9973800 -2.4617321
9977400 -1.2141613
9981000 0.28619796
9984600 1.5799903
9988200 2.2838545
9991800 2.2994375
9995400 1.7466336
9999000 0.741168
10002600 -0.4207816
10006200 -1.4006084
10009800 -2.19596
10013400 -2.6279025
10017000 -2.4170551
10020600 -1.5448035
10024200 -0.23784232
10027800 1.1159085
10031400 2.1181047
10035000 2.5181205
10038600 2.317216
10042200 1.6027201
10045800 0.52820396
10049400 -0.5388464
10053000 -1.3834269
10056600 -1.969449
10060200 -2.0915067
10063800 -1.6584339
10067400 -0.6724821
10071000 0.5217874
10074600 1.5900426
10078200 2.26602
10081800 2.3646343
10085400 1.9442867
10089000 1.073838
10092600 -0.0013257612
10096200 -1.0493174
10099800 -1.9059877
10103400 -2.4541888
10107000 -2.4701743
10110600 -1.8633637
10114200 -0.7543933
10117800 0.5103032
10121400 1.6016374
10125000 2.1713965
10128600 2.16737
10132200 1.6422386
10135800 0.69078296
10139400 -0.39031377
10143000 -1.3548456
10146600 -2.156098
10150200 -2.6472285
10153800 -2.5371053
10157400 -1.7836417
10161000 -0.6015202
10164600 0.6533519
10168200 1.6428629
10171800 2.116582
10175400 2.0399332
10179000 1.4849157
10182600 0.50944203
10186200 -0.5168295
10189800 -1.3538309
10193400 -2.0176394
10197000 -2.2867968
10200600 -1.9299594
10204200 -1.0123208
10207800 0.23358044
10211400 1.4659216
10215000 2.3112998
10218600 2.5491629
10222200 2.1485248
10225800 1.280132
10229400 0.11906011
10233000 -0.97824866
10236600 -1.8967769
10240200 -2.5027375
10243800 -2.577011
10247400 -1.965917
10251000 -0.7570473
10254600 0.6768811
10258200 1.8909533
10261800 2.5790548
10265400 2.6134856
10269000 2.0065129
10272600 0.86439794
10276200 -0.42799973
10279800 -1.563711
10283400 -2.5230808
10287000 -3.0918095
10290600 -2.9618814
10294200 -2.013621
10297800 -0.51400536
10301400 1.0778127
10305000 2.2723827
10308600 2.7245672
10312200 2.4482388
10315800 1.5326283
10319400 0.16829398
10323000 -1.1579
10326600 -2.2638638
10330200 -3.1196556
10333800 -3.482437
10337400 -2.999719
10341000 -1.6560112
10344600 0.12906158
10348200 1.7678014
10351800 2.7566602
10355400 2.845212
10359000 2.1700287
10362600 0.9602767
10366200 -0.56987435
10369800 -1.8732355
10373400 -2.8849928
10377000 -3.4001427
10380600 -3.0810933
10384200 -1.8138366
10387800 0.064146854
10391400 1.8274205
10395000 3.0612197
10398600 3.4850006
10402200 2.980064
10405800 1.7659379
10409400 0.08578972
10413000 -1.4655265
10416600 -2.772519
10420200 -3.7559974
10423800 -4.0763288
10427400 -3.4060555
10431000 -1.7564319
10434600 0.32067055
10438200 2.18223
10441800 3.1892035
10445400 3.130852
10449000 2.288408
10452600 0.8284069
10456200 -0.94248945
10459800 -2.3445907
10463400 -3.440305
10467000 -4.029688
10470600 -3.6340733
10474200 -2.1970282
10477800 -0.13178565
10481400 1.9015746
10485000 3.1734438
10488600 3.3427863
10492200 2.6212218
10495800 1.2477314
10499400 -0.6487949
10503000 -2.2578654
10506600 -3.5545444
10510200 -4.5037355
10513800 -4.6144624
10517400 -3.568913
10521000 -1.5338644
10524600 0.8399844
10528200 2.7527838
10531800 3.546628
10535400 3.1955507
10539000 2.0884352
10542600 0.32864916
10546200 -1.5483581
10549800 -2.9446652
10553400 -4.100001
10557000 -4.5387745
10560600 -3.83082
10564200 -1.9878075
10567800 0.4070414
10571400 2.6070483
10575000 3.8110638
10578600 3.7999
10582200 2.8822258
10585800 1.2628032
10589400 -0.804934
10593000 -2.4335594
10596600 -3.8064754
10600200 -4.665755
10603800 -4.462736
10607400 -3.0151176
10611000 -0.6940415
10614600 1.7507854
10618200 3.4639368
10621800 3.9005215
10625400 3.283074
10629000 1.970355
10632600 -0.05409833
10636200 -1.8629245
10639800 -3.227817
10643400 -4.2563033
10647000 -4.3313994
10650600 -3.1582935
10654200 -0.9603827
10657800 1.5521988
10661400 3.506425
10665000 4.2821693
10668600 3.9185634
10672200 2.7425969
10675800 0.7726965
10679400 -1.199699
10683000 -2.7321472
10686600 -3.998943
10690200 -4.549786
10693800 -3.8870647
10697400 -2.0009692
10701000 0.5112904
10704600 2.8187413
10708200 4.1015124
10711800 4.0787907
10715400 3.1184032
10719000 1.4652668
10722600 -0.61753005
10726200 -2.2225618
10729800 -3.5578625
10733400 -4.3680315
10737000 -4.0863605
10740600 -2.566449
10744200 -0.21697557
10747800 2.2132823
10751400 3.8400538
10755000 4.1880426
10758600 3.500409
10762200 2.0661967
10765800 -0.059644014
10769400 -1.8668759
10773000 -3.3309717
10776600 -4.4647603
10780200 -4.702205
10783800 -3.727025
10787400 -1.6568968
10791000 0.7995943
10794600 2.809723
10798200 3.6578023